GbCity_EN,Beijingshi_110000,Tianjinshi_120000,Shijiazhuangshi_130100,Tangshanshi_130200,Qinhuangdaoshi_130300,Handanshi_130400,Xingtaishi_130500,Baodingshi_130600,Zhangjiakoushi_130700,Chengdeshi_130800,Cangzhoushi_130900,Langfangshi_131000,Hengshuishi_131100,Taiyuanshi_140100,Datongshi_140200,Yangquanshi_140300,Zhangzhishi_140400,Jinchengshi_140500,Shuozhoushi_140600,Jinzhongshi_140700,Yunchengshi_140800,Xinzhoushi_140900,Linfenshi_141000,Lvliangshi_141100,Huhehaoteshi_150100,Baotoushi_150200,Wuhaishi_150300,Chifengshi_150400,Tongliaoshi_150500,Eerduosishi_150600,Hulunbeiershi_150700,Bayannaoershi_150800,Wulanchabushi_150900,Xinganmeng_152200,Xilinguoleimeng_152500,Alashanmeng_152900,Shenyangshi_210100,Dalianshi_210200,Anshanshi_210300,Fushunshi_210400,Benxishi_210500,Dandongshi_210600,Jinzhoushi_210700,Yingkoushi_210800,Fuxinshi_210900,Liaoyangshi_211000,Panjinshi_211100,Tielingshi_211200,Zhaoyangshi_211300,Huludaoshi_211400,Changchunshi_220100,Jilinshi_220200,Sipingshi_220300,Liaoyuanshi_220400,Tonghuashi_220500,Baishanshi_220600,Songyuanshi_220700,Baichengshi_220800,Yanbianchaoxianzuzizhizhou_222400,Haerbinshi_230100,Qiqihaershi_230200,Jixishi_230300,Hegangshi_230400,Shuangyashanshi_230500,Daqingshi_230600,Yichunshi_230700,Jiamusishi_230800,Qitaiheshi_230900,Mudanjiangshi_231000,Heiheshi_231100,Suihuashi_231200,Daxinganlingdiqu_232700,Shanghaishi_310000,Nanjingshi_320100,Wuxishi_320200,Xuzhoushi_320300,Changzhoushi_320400,Suzhoushi_320500,Nantongshi_320600,Lianyungangshi_320700,Huaianshi_320800,Yanchengshi_320900,Yangzhoushi_321000,Zhenjiangshi_321100,Taizhoushi_321200,Suqianshi_321300,Hangzhoushi_330100,Ningboshi_330200,Wenzhoushi_330300,Jiaxingshi_330400,Huzhoushi_330500,Shaoxingshi_330600,Jinhuashi_330700,Quzhoushi_330800,Zhoushanshi_330900,Taizhoushi_331000,Lishuishi_331100,Hefeishi_340100,Wuhushi_340200,Bengbushi_340300,Huainanshi_340400,Maanshanshi_340500,Huaibeishi_340600,Tonglingshi_340700,Anqingshi_340800,Huangshanshi_341000,Chuzhoushi_341100,Fuyangshi_341200,Suzhoushi_341300,Luanshi_341500,Bozhoushi_341600,Chizhoushi_341700,Xuanchengshi_341800,Fuzhoushi_350100,Xiamenshi_350200,Putianshi_350300,Sanmingshi_350400,Quanzhoushi_350500,Zhangzhoushi_350600,Nanpingshi_350700,Longyanshi_350800,Ningdeshi_350900,Nanchangshi_360100,Jingdezhenshi_360200,Pingxiangshi_360300,Jiujiangshi_360400,Xinyushi_360500,Yingtanshi_360600,Ganzhoushi_360700,Jianshi_360800,Yichunshi_360900,Fuzhoushi_361000,Shangraoshi_361100,Jinanshi_370100,Qingdaoshi_370200,Ziboshi_370300,Zaozhuangshi_370400,Dongyingshi_370500,Yantaishi_370600,Weifangshi_370700,Jiningshi_370800,Taianshi_370900,Weihaishi_371000,Rizhaoshi_371100,Linyishi_371300,Dezhoushi_371400,Liaochengshi_371500,Binzhoushi_371600,Hezeshi_371700,Zhengzhoushi_410100,Kaifengshi_410200,Luoyangshi_410300,Pingdingshanshi_410400,Anyangshi_410500,Hebishi_410600,Xinxiangshi_410700,Jiaozuoshi_410800,Puyangshi_410900,Xuchangshi_411000,Taheshi_411100,Sanmenxiashi_411200,Nanyangshi_411300,Shangqiushi_411400,Xinyangshi_411500,Zhoukoushi_411600,Zhumadianshi_411700,Jiyuanshi_419001,Wuhanshi_420100,Huangshishi_420200,Shiyanshi_420300,Yichangshi_420500,Xiangyangshi_420600,Ezhoushi_420700,Jingmenshi_420800,Xiaoganshi_420900,Jingzhoushi_421000,Huanggangshi_421100,Xianningshi_421200,Suizhoushi_421300,Enshitujiazumiaozuzizhizhou_422800,Xiantaoshi_429004,Qianjiangshi_429005,Tianmenshi_429006,Shennongjialinqu_429021,Changshashi_430100,Zhuzhoushi_430200,Xiangtanshi_430300,Hengyangshi_430400,Shaoyangshi_430500,Yueyangshi_430600,Changdeshi_430700,Zhangjiajieshi_430800,Yiyangshi_430900,Chenzhoushi_431000,Yongzhoushi_431100,Huaihuashi_431200,Loudishi_431300,Xiangxitujiazumiaozuzizhizhou_433100,Guangzhoushi_440100,Shaoguanshi_440200,Shenzhenshi_440300,Zhuhaishi_440400,Shantoushi_440500,Foshanshi_440600,Jiangmenshi_440700,Zhanjiangshi_440800,Maomingshi_440900,Zhaoqingshi_441200,Huizhoushi_441300,Meizhoushi_441400,Shanweishi_441500,Heyuanshi_441600,Yangjiangshi_441700,Qingyuanshi_441800,Dongguanshi_441900,Zhongshanshi_442000,Chaozhoushi_445100,Jieyangshi_445200,Yunfushi_445300,Nanningshi_450100,Liuzhoushi_450200,Guilinshi_450300,Wuzhoushi_450400,Beihaishi_450500,Fangchenggangshi_450600,Qinzhoushi_450700,Guigangshi_450800,Yulinshi_450900,Baiseshi_451000,Hezhoushi_451100,Hechishi_451200,Laibinshi_451300,Chongzuoshi_451400,Haikoushi_460100,Sanyashi_460200,Sanshashi_460300,Danzhoushi_460400,Wuzhishanshi_469001,Qionghaishi_469002,Wenchangshi_469005,Wanningshi_469006,Dongfangshi_469007,Dinganxian_469021,Tunchangxian_469022,Chengmaixian_469023,Lingaoxian_469024,Baishalizuzizhixian_469025,Changjianglizuzizhixian_469026,Ledonglizuzizhixian_469027,Lingshuilizuzizhixian_469028,Baotinglizumiaozuzizhixian_469029,Qiongzhonglizumiaozuzizhixian_469030,Chongqingshi_500000,Chengdushi_510100,Zigongshi_510300,Panzhihuashi_510400,Luzhoushi_510500,Deyangshi_510600,Mianyangshi_510700,Guangyuanshi_510800,Suiningshi_510900,Neijiangshi_511000,Leshanshi_511100,Nanchongshi_511300,Meishanshi_511400,Yibinshi_511500,Guanganshi_511600,Dazhoushi_511700,Yaanshi_511800,Bazhongshi_511900,Ziyangshi_512000,Abazangzuqiangzuzizhizhou_513200,Ganzizangzuzizhizhou_513300,Liangshanyizuzizhizhou_513400,Guiyangshi_520100,Liupanshuishi_520200,Zunyishi_520300,Anshunshi_520400,Bijieshi_520500,Tongrenshi_520600,Qianxinanbuyizumiaozuzizhizhou_522300,Qiandongnanmiaozudongzuzizhizhou_522600,Qiannanbuyizumiaozuzizhizhou_522700,Kunmingshi_530100,Qujingshi_530300,Yuxishi_530400,Baoshanshi_530500,Zhaotongshi_530600,Lijiangshi_530700,Puershi_530800,Lincangshi_530900,Chuxiongyizuzizhizhou_532300,Honghehanizuyizuzizhizhou_532500,Wenshanzhuangzumiaozuzizhizhou_532600,Xishuangbannadaizuzizhizhou_532800,Dalibaizuzizhizhou_532900,Dehongdaizujingpozuzizhizhou_533100,Nujianglisuzuzizhizhou_533300,Diqingzangzuzizhizhou_533400,Lasashi_540100,Rikazeshi_540200,Changdoushi_540300,Linzhishi_540400,Shannanshi_540500,Naqushi_540600,Alidiqu_542500,Xianshi_610100,Tongchuanshi_610200,Baojishi_610300,Xianyangshi_610400,Weinanshi_610500,Yananshi_610600,Hanzhongshi_610700,Yulinshi_610800,Ankangshi_610900,Shangluoshi_611000,Lanzhoushi_620100,Jiayuguanshi_620200,Jinchangshi_620300,Baiyinshi_620400,Tianshuishi_620500,Wuweishi_620600,Zhangyeshi_620700,Pingliangshi_620800,Jiuquanshi_620900,Qingyangshi_621000,Dingxishi_621100,Longnanshi_621200,Linxiahuizuzizhizhou_622900,Gannanzangzuzizhizhou_623000,Xiningshi_630100,Haidongshi_630200,Haibeizangzuzizhizhou_632200,Huangnanzangzuzizhizhou_632300,Hainanzangzuzizhizhou_632500,Guoluozangzuzizhizhou_632600,Yushuzangzuzizhizhou_632700,Haiximengguzuzangzuzizhizhou_632800,Yinchuanshi_640100,Shizuishanshi_640200,Wuzhongshi_640300,Guyuanshi_640400,Zhongweishi_640500,Wulumuqishi_650100,Kelamayishi_650200,Tulufanshi_650400,Hamishi_650500,Changjihuizuzizhizhou_652300,Boertalamengguzizhizhou_652700,Bayinguolengmengguzizhizhou_652800,Akesudiqu_652900,Kezileisukeerkezizizhizhou_653000,Kashidiqu_653100,Hetiandiqu_653200,Yilihasakezizhizhou_654000,Tachengdiqu_654200,Aleitaidiqu_654300,Shihezishi_659001,Alaershi_659002,Tumushukeshi_659003,Wujiaqushi_659004,Tiemenguanshi_659006
Beijingshi_110000,,9.08,2.65,6.96,6.3,4.56,2.93,19.41,24.73,26.77,4.27,35.14,4.08,0.61,2.98,1.17,0.91,0.62,1.07,0.41,1.58,0.8,1.55,0.56,1.38,0.8,0.23,4.59,1.6,0.36,2.4,0.6,1.56,0.93,2.28,1.2,0.61,1.26,0.55,0.44,0.55,0.99,1.21,0.76,0.69,0.36,0.52,0.44,1.82,1.71,0.51,0.98,0.45,0.55,0.64,0.66,0.48,0.66,1.11,1.97,1.77,1.65,1.12,0.75,1.23,2.18,1.21,1.48,1.94,0.84,0.95,0.48,0.31,0.22,0.16,0.37,0.13,0.14,0.3,0.23,0.17,0.28,0.2,0.18,0.21,0.15,0.22,0.15,0.19,0.1,0.07,0.1,0.13,0.16,0.17,0.18,0.15,0.23,0.67,0.22,0.13,0.46,0.12,0.14,0.57,0.15,0.11,0.56,0.25,0.48,0.3,0.41,0.09,0.15,0.11,0.18,0.06,0.12,0.04,0.15,0.08,0.14,0.28,0.08,0.11,0.27,0.07,0.11,0.24,0.17,0.09,0.24,0.16,0.56,0.45,0.42,0.49,0.47,0.68,0.69,0.62,0.67,0.85,0.32,0.43,1.51,1.23,0.61,1.18,0.34,0.3,0.55,0.45,0.93,0.64,0.42,0.32,1.36,0.4,0.28,0.44,1.07,0.8,1.99,1.14,1.04,0.21,0.03,0.06,0.12,,0.07,,0.2,0.44,0.07,0.1,0.08,0.27,,,0.11,0.1,,0.13,0.08,0.06,0.11,0.04,0.16,0.12,0.31,0.08,0.16,0.09,0.12,0.14,0.08,0.1,0.08,0.17,0.09,0.05,0.03,,0.28,0.06,0.04,0.04,,0.07,,0.04,0.04,,,0.04,0.03,0.01,0.09,0.07,0.21,0.03,0.27,,0.01,0.02,,,,,,0.07,0.19,0.74,,0.12,0.19,0.67,0.2,0.52,0.23,0.12,0.06,0.23,0.18,0.09,0.09,0.33,0.93,0.3,0.03,0.36,0.14,0.04,0.09,0.06,0.06,0.13,0.36,0.06,0.02,0.02,0.13,0.03,0.08,0.05,0.14,0.02,0.24,0.04,0.0,0.05,0.11,0.11,0.04,0.08,0.02,0.03,0.07,0.07,0.05,0.04,0.14,,0.07,0.09,0.06,0.04,0.13,0.09,0.03,0.05,0.07,0.2,0.1,0.12,0.02,0.04,0.24,0.09,,0.08,0.07,0.04,,0.22,0.12,0.14,0.06,0.15,0.11,0.27,0.22,0.27,0.1,0.19,,0.13,0.21,0.53,0.12,0.21,0.2,0.24,0.49,0.19,0.44,0.19,,0.12,0.04,,0.02,0.01,,,0.12,0.25,0.04,0.08,0.03,0.09,0.31,0.13,0.1,0.21,0.07,0.02,0.22,0.06,0.05,0.15,0.13,0.05,0.06,0.06,0.02,0.02,,0.03,
Tianjinshi_120000,9.07,,1.93,26.46,7.26,5.32,1.99,5.21,4.68,6.63,18.06,17.27,4.07,0.35,1.94,0.98,0.53,0.19,0.93,0.56,0.41,0.66,0.55,0.4,0.64,0.41,0.21,2.37,1.14,0.31,1.25,0.59,0.79,0.42,0.65,0.13,0.46,0.82,0.5,0.48,0.55,0.62,0.75,0.61,0.84,0.24,0.57,0.28,1.45,2.07,0.35,0.58,0.35,0.49,1.0,0.43,0.38,0.55,0.54,1.74,1.1,1.27,0.21,0.24,0.54,0.89,0.47,0.49,1.51,0.74,0.51,1.21,0.19,0.11,0.14,0.3,0.11,0.12,0.18,0.27,0.12,0.16,0.11,0.07,0.12,0.11,0.08,0.09,0.12,0.07,0.07,0.07,,,0.25,0.13,0.04,0.09,0.17,0.15,0.06,0.08,0.1,0.08,0.18,0.1,0.06,0.44,0.14,0.05,0.14,0.11,0.05,0.07,0.06,0.11,,0.06,,,,,0.08,0.06,,0.09,,,0.07,,0.08,0.09,0.04,0.47,0.53,0.55,0.29,0.86,0.69,0.67,0.46,0.7,0.59,0.21,0.38,4.8,1.26,2.7,0.86,0.15,0.21,0.29,0.21,0.74,0.67,0.25,0.26,1.16,0.12,0.15,0.18,0.5,0.41,0.43,0.4,0.37,0.07,0.05,,0.16,0.05,0.17,,0.07,0.23,,0.31,0.11,0.15,0.13,,,0.09,,0.05,0.04,0.03,0.04,,,,0.07,,0.06,,,,,0.05,,,,,,0.02,0.1,,0.02,,,,,0.03,,,,,0.03,,0.03,,0.11,,0.07,0.05,,,0.02,,0.06,,,,0.05,0.35,,0.12,,0.09,0.05,0.07,0.23,,,0.24,,0.09,,,,0.23,,0.14,0.05,0.01,,,0.02,0.03,0.04,0.01,0.03,0.02,0.04,,0.06,,0.09,,,,,,0.06,,,,,,0.03,,,0.03,0.04,,0.03,0.04,0.03,0.02,,,0.09,0.03,,,0.03,0.07,,,0.05,,0.07,0.17,0.02,,,0.08,0.04,0.09,0.04,0.08,0.09,0.09,0.2,0.22,0.04,0.07,0.04,0.01,0.16,0.15,0.23,0.1,0.24,0.07,0.71,0.04,0.35,0.04,0.01,0.04,0.03,,,0.01,,,0.04,0.07,0.02,0.03,0.09,0.02,0.09,0.03,0.04,0.12,0.03,,,0.03,0.05,,0.1,0.01,0.0,0.04,0.01,0.05,,0.01,
Shijiazhuangshi_130100,3.22,2.63,,2.93,2.79,11.27,29.7,18.59,4.9,2.79,6.59,2.6,20.54,0.89,0.76,10.73,0.74,0.56,0.51,1.97,0.4,2.49,0.5,0.83,0.33,0.22,0.13,0.71,0.28,0.26,0.16,0.12,0.45,0.13,0.53,0.47,0.13,0.23,0.14,0.14,0.11,0.12,0.17,0.11,0.13,0.04,0.11,0.02,0.36,0.35,0.13,0.1,0.07,0.05,0.13,,0.05,0.11,0.11,0.5,0.22,,,0.1,0.25,0.06,,0.29,0.07,0.04,0.1,,0.09,0.07,0.06,0.19,0.04,0.06,0.13,0.09,0.1,0.08,0.09,0.05,0.11,0.1,0.07,,0.12,,,0.06,,0.06,0.09,,,0.06,0.06,0.07,0.05,0.03,0.05,,0.08,0.07,,0.18,0.05,,0.09,0.07,0.05,,0.03,,0.04,,0.04,,,,0.07,0.06,,,,0.08,,,0.08,,,0.34,0.35,0.29,0.15,0.27,0.37,0.41,0.24,0.26,0.38,0.22,0.28,1.09,0.92,0.43,0.38,0.23,0.28,0.22,0.13,0.69,0.27,0.35,0.25,0.6,0.21,0.22,0.18,0.27,0.19,0.24,0.31,0.26,0.18,0.03,,0.18,0.06,,,0.07,,0.05,0.07,0.08,,,0.06,,0.33,,0.05,,0.02,0.05,,,0.05,,,,,0.05,,,,0.05,,,,,,,,,,,,,,,,,0.05,0.02,0.02,0.08,,0.08,,0.13,0.08,0.03,,0.02,,0.05,,,0.03,0.04,0.23,,0.04,0.49,0.18,,0.13,0.05,0.08,0.12,0.13,,0.09,0.06,0.07,0.22,0.03,0.19,0.11,0.07,,,0.05,0.03,0.04,0.06,,0.02,0.02,0.07,0.01,,,0.06,,0.06,,0.0,,0.04,0.05,,,,,,,,,0.06,,0.02,0.05,,,0.06,,0.04,0.03,,0.1,0.03,0.08,,,0.05,0.03,0.07,,,,,0.1,0.06,,0.06,0.13,0.12,0.07,0.79,0.21,0.03,0.06,0.08,0.03,0.04,0.07,0.04,0.16,0.11,0.07,0.11,0.06,0.05,,0.01,0.05,0.02,,,0.03,,,0.18,0.11,0.02,0.06,,0.08,0.04,,0.04,,0.04,0.02,0.04,0.02,0.02,0.04,,0.05,0.0,0.02,0.01,,,,
Tangshanshi_130200,3.12,12.66,1.97,,36.13,1.0,0.76,2.14,3.55,17.63,2.56,3.57,1.47,0.16,1.48,0.61,0.22,0.07,0.39,0.61,0.1,0.29,0.33,0.71,0.18,0.14,0.15,2.0,0.6,0.18,0.44,0.15,0.29,0.21,0.45,0.23,0.35,0.52,0.5,0.37,0.17,0.45,0.91,0.59,0.44,0.42,0.34,0.27,2.08,2.88,0.14,0.32,0.26,0.63,0.38,0.25,0.31,0.27,0.33,0.67,0.27,0.15,0.49,0.06,0.22,0.06,0.16,0.19,0.5,0.09,0.36,,,,,0.13,,,0.09,0.09,0.03,0.05,,,0.04,0.05,,,,,,,,0.08,0.11,,,,,0.03,,,0.02,,,,,,0.03,,0.04,,,,,,,,,0.09,,,,,,,,,,,,,,0.13,0.15,0.12,0.08,0.3,0.23,0.26,0.21,0.17,0.26,0.16,0.15,0.38,0.21,0.57,0.18,0.04,0.07,0.07,0.05,0.16,0.17,0.12,,0.26,0.04,,,,0.06,,0.11,,0.09,,,,,,,,,,,,,,,,0.09,,,,,,,,,,,,,,,,,,,,,,,,,0.02,,,,,,,,,,,,,,,0.03,,,,,,,,,,,,0.09,,,0.19,0.06,0.04,,,,,0.02,,,,0.07,0.09,,,,,,0.03,,,,,,,,,,,,,,0.07,,,0.01,,,,,,,,,,,,,,0.01,,,,,,,,,0.02,,0.02,,,,,,,,0.26,,,0.03,,0.03,,,0.05,0.09,,0.03,,,,,0.07,,,,,,,,,,,,,,,,,0.02,0.1,,0.05,,,,0.04,0.16,,0.02,,0.02,,,0.05,,,,,,,0.01,
Qinhuangdaoshi_130300,2.98,2.48,0.94,17.75,,0.31,0.29,1.29,1.25,6.76,0.99,1.78,0.51,0.08,0.45,0.16,,0.05,0.14,0.09,,0.1,,0.1,0.18,0.07,0.03,0.85,0.47,0.07,0.13,0.05,0.28,0.11,0.13,0.13,0.34,0.46,0.26,0.24,0.1,0.31,1.04,0.42,0.46,0.24,0.48,0.15,0.86,13.94,0.18,0.32,0.18,0.24,0.25,0.2,0.14,0.18,0.54,0.73,0.63,0.6,0.07,0.2,0.25,0.44,0.2,0.19,0.93,0.34,0.26,,,,,,,,,,,,,,,,,,,,,,,,,,,,,,,,,,,,,,,,,,,,,,,,,,,,,,,,,,,,,,,0.05,0.07,0.07,0.04,0.03,0.13,0.07,0.05,0.06,0.12,,0.04,0.12,0.06,0.2,0.06,,,,,0.04,,,,0.05,,,,,,,,,,,,,,,,,,,,,,,,,,,,,,,,,,,,,,,,,,,,,,,,,,,,,,,,,,,,,,,,,,0.05,,,,,,,,,,,0.06,,,,,,0.03,0.03,,,,,,,0.08,0.13,,,,,,,,,,,,,,,,,,,,,,,,,,,,,,,,,,,,,,,,,,,,,,,,,,,,0.03,,,,,,,,,,,,,,,,,,,,,,,,,,,,,,,,,,,,,,,,,,,,,,,,,,,,,,,,,,,,
Handanshi_130400,3.21,3.46,9.02,1.23,0.68,,21.06,2.35,0.94,0.54,1.55,1.41,2.94,0.48,0.29,0.94,4.64,1.22,0.25,1.58,0.37,0.35,0.72,0.53,0.12,0.12,0.09,0.15,0.11,0.22,0.13,0.05,0.14,0.08,0.23,,0.06,0.14,0.08,0.02,0.04,0.03,0.07,0.06,0.1,0.04,0.05,,0.14,0.1,0.04,0.07,0.03,0.02,0.11,0.02,0.03,0.11,0.04,0.16,0.05,,,0.03,0.05,0.06,0.04,0.09,,0.19,0.09,,0.1,0.07,0.11,0.2,0.05,0.11,0.09,0.1,,0.08,0.24,0.05,0.22,0.1,,,,0.06,0.06,,,,,,,0.06,0.16,0.05,,0.04,0.04,0.02,,,0.04,,0.04,0.34,0.08,,0.06,,0.04,,,,,,0.04,,,,,,,,,,,,,0.42,0.47,0.23,0.19,0.23,0.31,0.55,0.29,0.49,0.34,0.76,0.25,0.52,5.84,0.27,0.69,0.29,0.24,0.4,0.17,10.06,1.31,0.8,0.41,5.51,0.24,0.15,0.15,0.19,0.22,0.15,0.17,0.16,0.35,0.03,0.04,0.07,,0.08,0.02,,0.04,,,0.05,,0.13,,0.05,0.1,,,0.04,0.04,,,,0.05,,,,,,,,,,,,,,,,0.02,,,,,,0.05,,,,,,,,,,,0.06,0.06,,,0.03,,,,0.01,0.02,,0.12,,,,,0.04,,,0.04,,0.06,,,0.03,,,,,,,,0.06,,,0.03,0.03,,,,,0.02,0.05,,,0.02,,,,,,,,,,,,,,,,,,,,0.02,0.04,,,0.03,,0.06,,0.08,0.02,,0.07,0.06,,0.04,0.02,,,0.09,,0.08,0.04,0.08,0.14,0.07,0.28,0.16,0.04,0.04,,0.07,0.02,,0.03,,,,0.15,0.08,0.05,0.03,,0.04,,,,0.01,,,,0.07,0.04,0.02,,0.02,0.03,0.03,0.02,0.07,,,0.05,0.04,,,,,,,,,,,
Xingtaishi_130500,2.19,1.76,19.87,1.02,0.79,18.85,,2.54,0.91,0.64,1.68,1.25,8.98,0.42,0.37,1.2,0.71,0.44,0.12,1.59,0.21,0.55,0.33,0.38,0.13,0.08,0.05,0.12,0.05,0.19,0.16,0.1,0.08,0.04,0.1,0.07,0.06,0.08,0.05,0.04,0.07,,0.03,0.07,0.05,,0.03,0.02,0.08,0.06,0.03,0.02,0.04,,0.02,0.02,0.03,0.02,,,,0.07,,,,,,,0.07,0.04,,,,0.06,0.05,0.11,0.04,0.07,0.05,0.09,,,0.05,0.03,0.06,0.06,,,,,0.04,,,,,,,0.04,,0.08,0.03,,0.04,,,0.06,,0.11,0.06,0.04,0.04,0.06,,,,,,,,,,,,,0.06,,,,,,,,,0.38,0.27,0.21,0.15,0.25,0.19,0.36,0.24,0.32,0.13,0.2,0.23,1.41,5.67,0.28,0.31,0.13,0.11,0.24,0.08,0.66,0.39,0.24,0.18,0.42,0.14,0.09,0.06,0.2,0.12,,0.12,0.08,0.09,,,,,,,,,,,,,,,,0.05,,,,,,,,,,,,,,,,,,,,,,,,,,,,,0.02,,,,,,,,0.03,,,,0.05,0.04,,,,,0.03,,,,,,,0.03,0.04,,,,,0.04,,,,,,,,,,,,,0.02,,0.01,,,,,,,,,,0.05,,,,,,,,,,0.02,,,,,,,,,,,,0.02,,,,,,,,,,0.03,0.03,,,,,,0.07,,0.04,0.05,0.06,0.03,,0.4,0.07,,,0.04,,,,,,,0.07,0.06,,,,,,,0.02,0.02,,,,0.08,0.06,0.03,0.04,0.02,0.09,,,,0.14,0.02,,,,0.02,0.03,,,0.01,,,0.02,,,
Baodingshi_130600,13.22,5.29,18.93,4.04,2.75,3.33,3.62,,9.17,3.14,13.59,12.05,9.63,0.54,3.54,1.92,0.78,0.44,1.79,0.61,0.36,3.07,0.38,0.37,0.56,0.45,0.1,1.14,0.32,0.7,0.3,0.33,0.75,0.19,1.11,0.26,0.15,0.24,0.28,0.18,0.11,0.21,0.21,0.19,0.33,0.16,0.11,0.11,0.52,0.47,0.1,0.11,0.08,0.1,0.22,0.15,0.14,0.25,0.18,0.37,0.3,0.15,,0.03,0.11,0.12,0.14,0.09,0.79,0.09,0.2,0.24,,0.05,0.06,0.19,0.05,,0.12,0.08,0.05,0.07,,0.04,0.06,0.09,,,,0.06,,,,,0.05,,,0.04,0.06,0.03,0.03,0.05,,0.03,0.07,0.05,,0.18,0.05,0.04,0.14,,,,,,,,0.04,,,,,,,,,0.05,,,,0.05,,0.27,0.24,0.23,0.14,0.29,0.33,0.31,0.23,0.22,0.3,0.12,0.2,0.82,0.64,0.6,0.35,0.14,0.2,0.23,0.13,0.36,0.26,0.21,0.14,0.5,0.29,0.09,0.08,0.35,0.28,0.16,0.19,0.24,0.26,0.03,0.05,0.14,0.07,,0.01,0.04,0.09,0.05,0.05,,0.13,,0.04,0.02,0.08,,0.03,,,0.05,,,,,,,,,0.03,,,0.03,,,,,,,,,,,,,,,,,,,,,,0.08,0.02,0.13,,0.01,,,,,,,0.08,0.03,0.09,,0.04,0.14,0.07,0.08,0.2,0.09,0.06,0.03,0.08,,,,0.07,0.11,0.03,0.07,0.09,0.03,,0.05,,0.01,,0.04,,0.02,0.03,,,0.02,0.03,,,0.07,0.02,,,0.02,,,,,,0.05,,,,0.03,,0.02,0.03,,,,,,,,0.07,0.03,,,,0.06,,,,0.05,,,0.08,,0.04,0.05,0.07,0.08,0.15,0.24,0.2,0.02,0.07,0.02,,0.04,0.08,,0.06,0.07,0.15,,0.08,0.12,0.03,,0.04,0.02,,,,,0.07,0.09,0.07,0.1,0.05,0.1,0.06,0.04,0.02,0.04,0.09,,,0.06,,0.02,,0.02,0.01,0.0,,,,,,
Zhangjiakoushi_130700,6.88,1.61,2.05,1.74,1.07,0.54,0.51,3.46,,4.24,0.97,2.07,0.66,0.17,8.4,0.18,0.12,0.25,1.64,0.15,0.12,0.37,0.14,0.13,1.08,0.76,0.13,0.71,0.18,1.28,0.13,0.6,6.36,0.08,15.02,0.23,0.02,0.11,0.05,0.01,0.04,0.09,0.12,0.08,0.12,0.01,,0.02,0.23,0.27,0.03,0.04,0.03,0.05,0.05,,0.04,0.05,,0.11,,0.07,,,0.12,,0.04,,0.14,,,,,,,,,,,,0.03,,,,,,,,,,,,,,,,,,,,,0.04,,,,,,,0.03,,,,,,,,,,,,,,,,,,,,,,,,,0.05,0.06,0.06,,0.02,,0.11,0.05,0.04,0.06,0.04,,0.15,0.09,0.07,0.09,,,,,0.06,0.06,0.05,,,,,,,,,,,,,,,,,,,0.1,,,,,,,,,,,,,,,,,,,,,,,,,,,,,,,,,,,,,,,,,,,,,,,,,,,,,,,,,,,,,,,0.04,0.03,,0.05,,,,0.13,0.02,,,,,,,,,0.01,0.02,,,,,,0.01,,,,,,,,,,,,,,,,,,,,,,,,,0.01,,,,,,,,,,,,,,,,,0.02,,,,,,,,,,0.14,0.07,,,,,,,,,,,,,,,,,,0.09,,,,,0.04,,0.04,0.02,,0.02,,,,,0.01,,,,0.02,,,0.01,,,,,,,
Chengdeshi_130800,4.1,2.58,0.95,9.51,5.38,0.24,0.19,1.04,3.53,,0.53,1.95,0.25,,0.21,0.05,0.04,,0.12,0.06,,0.05,0.07,0.04,0.16,0.05,,9.84,0.86,0.13,,0.06,0.47,0.13,5.35,0.1,0.11,0.17,0.17,0.12,0.02,0.06,0.3,0.26,0.29,0.04,0.12,0.13,5.71,0.57,0.06,0.08,0.11,0.05,0.09,0.07,0.04,0.14,0.04,0.11,0.05,,,0.34,,,0.04,,0.21,,0.04,,,,,,,,,,,,,,,,,,,,,,,,,,,,,,,,,,,,,,,,,,,,,,,,,,,,,,,,,,,,,,,,0.04,0.02,,0.02,,0.05,,0.04,,,,0.06,,0.09,,,,,,0.04,,,,,,,,,,,,,,,,,,,,,,,,,,,,,,,,,,,,,,,,,,,,,,,,,,,,,,,,,,,,,,,,,,,,,,,,,,0.01,,,,,,,,,,,,,,0.03,,,,,,,,,,,,,,,,,,,,,,,,,,,,,,,,,,,,,,,,,,,,,,,,,,,,,,,,,,,,,,,,,,,,,,,,,,,,,,,,,,,,,,,,,,,,,,,,,,,,,,,,,0.07,,,,,,,,,0.0,,,,,,
Cangzhoushi_130900,2.75,11.42,5.73,3.49,2.06,1.42,1.77,8.8,1.67,1.55,,6.4,13.75,0.19,0.53,0.56,0.35,0.25,0.47,0.71,0.18,0.68,0.17,0.23,0.23,0.22,0.11,0.61,0.13,0.16,0.3,0.18,0.26,0.18,0.43,0.15,0.17,0.32,0.12,0.1,0.14,0.23,0.2,0.17,0.35,0.04,0.27,0.13,0.44,0.64,0.11,0.13,0.11,0.11,0.07,0.1,0.21,0.13,0.16,0.28,0.08,0.07,0.21,0.2,0.14,0.06,0.08,0.49,,0.09,0.2,,,0.05,0.09,0.15,0.05,,0.09,0.16,0.05,0.07,0.07,0.06,0.13,0.07,,,,,,0.07,,,,,,0.04,0.07,0.08,0.03,0.02,0.04,0.04,0.06,0.1,0.04,0.11,0.05,0.03,0.05,,,,,,,,,,,,,,,,0.06,0.07,,,,,,0.5,0.33,0.47,0.19,1.05,0.41,0.55,0.28,0.37,0.35,0.23,0.27,7.89,0.66,3.32,0.33,0.08,0.1,0.08,0.05,0.17,0.08,0.15,,0.3,0.08,0.04,0.05,0.13,0.2,0.08,0.1,0.08,0.06,,,,,0.09,,,,,,,,,0.04,,0.16,,,,,,,,,,,,,,,,,,,,,,,,,,,,,,,,,,,,,,,0.06,,,,,,,,,,,,,0.07,,,,0.04,,,,0.04,0.12,,,,,,0.05,,0.03,,,,0.02,0.03,,0.02,0.07,,,,,,,,,,0.05,,0.0,0.01,,,,,,,,,,,,,,,,,,,,,,0.09,,,,0.02,0.06,,,,,,,0.04,,,0.02,0.03,0.03,,0.18,,,0.03,0.02,,,,,0.1,0.04,0.07,0.07,0.02,,,,,,,,,,,,0.07,0.02,0.04,,0.02,0.06,,,0.19,0.01,0.02,0.05,0.06,,0.04,,,,,,,,0.01,
Langfangshi_131000,17.16,12.19,2.11,4.52,3.0,1.52,1.63,10.0,3.24,4.14,9.89,,2.59,0.16,0.71,0.21,0.19,0.16,0.29,0.11,0.27,0.41,0.36,0.19,0.29,0.18,0.08,1.6,0.46,0.14,0.47,0.16,0.37,0.27,0.94,0.1,0.17,0.23,0.28,0.14,0.08,0.17,0.5,0.21,0.28,0.08,0.18,0.09,0.66,0.63,0.12,0.22,0.15,0.17,0.21,0.3,0.08,0.45,0.37,0.8,0.66,0.6,0.07,0.13,0.3,1.34,0.22,0.19,0.43,0.19,0.43,0.48,,,,0.1,,,0.08,0.09,,0.05,0.04,,0.07,0.09,,,,,,,,,,,,0.04,0.05,,,0.05,,0.05,0.19,,,0.24,0.06,,0.16,0.03,,,,0.05,,,,0.04,,,,,,,,0.07,,,,,,0.17,0.17,0.17,0.13,0.21,0.18,0.21,0.21,0.26,0.26,0.12,0.18,0.89,0.69,0.44,0.48,0.07,0.17,0.07,0.12,0.33,0.13,0.14,,0.69,0.09,0.06,,0.27,0.24,0.52,0.42,0.28,0.04,,,0.2,0.07,,0.04,,0.11,,0.1,,0.13,,0.07,,0.04,,,,,,,,,0.07,,,,,,,,,,,,,,,,,,,,,,,,,,,,,,,,,,,,,,,,,,,0.13,,,,0.06,0.04,0.03,,,,0.07,,0.04,,0.07,,0.11,,,0.02,0.01,,,,0.02,,,,,0.03,,,0.07,,,0.04,,,0.01,0.02,,,,,,,,,,0.03,,,0.02,,0.03,,,,,,0.09,,,0.07,,0.04,,0.07,,,,,0.04,0.01,0.06,,0.03,0.05,0.1,0.08,0.09,,,0.04,,,0.1,,,0.08,,0.29,0.06,,,0.01,0.02,,,,,,,0.06,0.02,,,,0.02,,,,,,0.04,0.04,,,0.03,0.02,0.01,,,,,,,
Hengshuishi_131100,2.36,2.56,10.28,1.28,1.01,1.61,6.78,4.87,0.92,0.56,8.91,1.47,,0.16,0.14,0.31,0.31,0.1,0.13,0.15,0.16,0.33,0.13,0.07,0.11,0.16,0.1,0.15,0.04,0.07,0.33,0.06,0.16,0.09,0.18,0.02,0.06,0.11,0.05,0.06,0.01,0.03,0.07,0.06,0.03,0.04,0.04,,0.06,0.12,0.05,0.04,0.04,0.02,0.02,,0.05,0.03,,0.09,0.08,,,,0.05,,,,0.14,0.04,0.05,,,,,0.1,,,,0.05,0.04,0.06,,,0.07,0.03,,,,,,,,,,,,0.03,0.04,,,,,,,,0.04,0.06,,,0.06,,,,,,,,,,0.03,,,,,,,0.05,,,,,,0.36,0.2,0.2,0.06,0.25,0.17,0.24,0.13,0.15,0.16,0.2,0.13,9.79,0.67,0.34,0.22,0.06,0.1,0.1,,0.11,0.04,0.09,0.06,0.24,0.04,0.07,,,0.08,,0.1,,0.04,,,,,,,,,,,,,,,,,,,,,,,,,,,,,,,,,,,,,,,,,,,,,,0.02,,,,,,,,,,,0.1,,,,,,,,,0.02,,,,,,,,0.03,,,0.03,,0.02,,,,,,,,,0.01,,,,0.02,,,,,,,,,,,,,,,,,,,,,,,,,,,,,,,,,,,,,,,,,,,,,,,,,,,,0.03,,,0.07,,,,0.01,,,,0.03,0.06,0.03,,,,,,,0.02,,,,,,,,,0.05,0.02,,0.02,,,0.02,0.12,,,0.03,,,,0.05,,0.01,,,,,,
Taiyuanshi_140100,0.63,0.36,0.88,0.23,0.17,0.65,0.6,0.45,0.43,0.1,0.26,0.17,0.31,,8.24,17.97,14.73,7.13,10.79,38.28,6.39,33.39,13.3,42.57,0.51,0.39,0.14,0.11,0.04,0.4,0.27,0.13,0.47,,0.19,0.07,0.06,0.12,0.05,0.05,0.01,0.05,0.03,0.03,0.02,,0.04,0.02,0.07,0.09,0.04,0.08,0.04,0.02,0.07,0.05,0.01,0.03,,0.1,,,0.07,0.03,,,,,,0.04,,,0.1,,,0.07,,,,,,,0.04,,,0.05,,,,,0.05,,,,,,,,,,,0.02,0.02,,,,,0.07,,,,,,,,0.07,,,,,,0.04,,0.05,,,,,,,,0.06,,0.09,0.11,0.05,0.08,0.03,0.12,0.09,0.08,0.04,0.13,0.11,0.07,0.16,0.15,0.06,0.14,0.1,0.07,0.14,0.09,0.67,0.14,0.16,0.17,0.12,0.06,0.05,0.2,0.16,0.13,,0.22,0.12,0.15,,,0.14,,,,0.05,0.13,,,,,,0.07,,0.05,,,,,,,,,,,,,,,,,,,,,,,,,,,,,,,,,,,,,,,,,0.05,,,,,,,,0.01,,0.04,0.12,,,0.14,0.22,0.04,0.07,,0.08,,0.1,,,,,0.13,0.03,,0.1,0.03,0.01,,,,0.05,0.17,0.01,0.02,,,0.02,0.03,,0.05,0.02,0.05,,,,,,,,,,,,0.05,,,,,0.02,,0.02,,,0.04,,,0.09,0.03,0.07,,,0.09,,0.15,0.08,,,,0.18,0.06,0.12,0.07,0.14,0.17,0.29,1.04,0.22,0.1,0.09,0.08,0.03,0.04,0.05,0.07,,0.05,0.06,0.15,,0.14,0.07,0.02,,0.01,0.02,,0.06,,,0.07,0.09,0.04,0.05,0.07,0.05,0.03,0.01,,0.09,,0.02,,0.04,,,,0.02,0.01,0.06,,,,,
Datongshi_140200,0.89,0.65,0.36,0.48,0.3,0.2,0.17,1.27,11.07,0.16,0.26,0.26,0.15,4.43,,2.03,1.07,0.52,44.02,1.7,0.51,6.58,1.05,1.48,3.68,1.73,0.19,0.09,0.03,1.65,0.06,0.4,13.06,0.09,1.14,0.09,0.02,,,0.02,,0.03,0.04,0.02,0.1,0.01,,,0.04,,,,,,0.03,,,,,,,,,,,,,,0.07,,,,,,,,,,,,,,,,,,,,,,,,,,,,,,,,,0.02,,,,,,,,,,,,,,,,,,,,,,,,,,,,,,,,0.04,0.04,0.05,,0.03,,,,0.03,,,,0.06,0.04,0.05,,,,,,0.12,0.03,,0.07,,,,,,,,,,,,,,,,,,,,,,,,,,,,,,,,,,,,,,,,,,,,,,,,,,,,,,,,,,,,,,,,,,,,,,,,,,,,,,,,,,,,,,0.04,,,,,,,,,,,,,,,,,,,,,,,,,,,,,,,,,,,,,,,,,,,,,,,,,,,,,,,,,,,,,0.02,,,0.05,,,,0.03,0.03,,0.33,,,0.03,,,,0.04,,,,,,,0.05,,,,,0.02,,,,,0.07,0.04,0.02,,0.01,0.02,,,,0.07,,,,,,,,,,,,,,,
Yangquanshi_140300,0.17,0.17,1.53,0.05,,0.21,0.3,0.29,0.09,0.05,0.1,0.06,0.17,3.24,0.72,,1.01,0.39,0.49,7.47,0.2,1.77,0.45,0.76,0.05,,0.02,,,0.05,,0.03,0.02,0.01,,,,,,,0.01,,0.03,,,,,,,,,,,,,,,,,,,,,,,,,,0.07,0.04,,,,,,,,,,,,,,,,,,,,,,,,,,,,,,,,,,,,,,,0.03,,,,,,,,,,,,,,,,,,,,,,,,,0.03,,0.03,0.04,,,,,,,,,0.08,0.1,0.05,,,,,,0.19,0.06,,,0.06,,,,,,,,,,,,,,,,,,,,,,,,,,,,,,,,,,,,,,,,,,,,,,,,,,,,,,,,,,,,,,,,,,,,,,,,,,,,,,,,,,,,,,,,,,,,,,,,,,,,,,,,,,,,,0.03,,,,,,,,,,,,,,,,,,,,,,,0.02,,,,,,,,,,0.03,,,,,,,,,,,,0.04,,0.18,,,,,0.03,,,,,,,,,,,0.01,,,,,,,,,,,,,,,,,,,,,,,,,,,,,,,,
Zhangzhishi_140400,0.24,0.21,0.25,0.05,,2.82,0.45,0.17,0.12,,0.13,0.07,0.31,7.15,1.42,3.67,,29.52,1.24,7.09,1.94,1.75,6.5,2.82,0.07,0.12,0.03,,,0.11,,0.04,0.1,,,0.02,,,,0.01,,,,,,,,,0.02,,,,,,,,,,,,,,,,,,,,0.14,,0.03,,,0.04,,0.08,0.04,,,0.04,,,,,0.05,,,,,,,,,,,,,,,,0.09,,0.02,,,,,,,0.03,,0.03,,,,,,,,,,,,,,,,,,,,,,0.07,0.09,0.02,,0.04,0.07,0.1,0.11,0.12,0.06,0.25,0.05,0.11,0.53,0.02,0.34,0.17,0.1,0.29,0.14,4.2,0.91,0.99,1.03,0.46,0.09,0.08,0.18,0.11,0.14,,0.13,0.1,0.35,,,0.06,,,,,0.09,,,,,,,0.02,,,,,,,,,,,,,,,,,,,,,,,,,,,,,,,,,,,,,,,,,,,,,,,,,,,,,,,,,,,,,0.02,,,,,,,0.05,,,,,0.02,,,,,,,,,,,,,,,,,,,,,,,,,,,,,,,,,,,,,0.01,,,,,0.05,,,,,,,0.02,,,0.06,0.03,,,0.07,0.08,,0.25,0.14,0.06,,,,,,,,,,0.08,,,,0.01,,,,,,,,0.04,0.02,,0.02,,,,,,,,,,,,,0.02,,,,,,,,
Jinchengshi_140500,,,0.07,,,0.39,0.08,,0.08,0.03,,0.03,0.03,2.19,0.3,1.03,21.65,,0.38,1.31,2.33,0.7,4.52,0.76,0.03,0.03,,,,0.04,0.06,,,,,0.02,,,,,,,,0.02,,,,,,,,,,,,,,,,,,,,,0.04,,,,,,,,,,,,,,,0.07,,,0.04,,,,,,,,,,,,,,,,,,,,,,,,,0.06,0.04,,,,,,,,,,,,,,,,,,,,,,,,,,,,,0.02,,,,0.03,,0.32,,,0.08,,0.13,0.42,0.34,0.68,0.17,0.67,0.43,3.31,6.34,0.14,0.24,0.06,0.22,0.11,0.21,,0.29,,4.1,,,,,,,,,,,,,,,,,,,,,,,,,,,,,,,,,,,,,,,,,,,,,,,,,,,,,,,,,,,,,,,,,,,,,,,,,,,,,,,,0.04,,,,,,,,,,,,,,,,,,,,,,,,,,,,,,,,,,,,,,,,,,,,,,,,,,,,,,,,0.08,,,,0.05,0.03,,0.02,0.05,0.15,0.07,0.16,,,,,,,,,,,,,,,,,,0.0,,,,,,,,,,,0.02,,,,,,,,,,,,,,,,,,,
Shuozhoushi_140600,0.22,0.19,0.13,0.06,0.06,0.06,0.06,0.45,0.96,0.05,0.2,0.06,0.04,3.05,30.28,0.91,0.65,0.34,,1.0,0.27,8.81,0.38,0.72,1.56,0.48,0.1,0.05,,1.13,,0.18,1.61,,0.22,0.02,,,0.02,,,,,,0.03,,,,,,,,,,,0.02,,,0.02,,,,,,,,,,,,0.04,,,,,,,,,,,,,,,,,,,,,,,,,,,,,,,,,,,,,,,,,,,,,,,,,,,,,,,,,,,,,,,0.03,,,,,0.04,,,,,,,,,0.08,,,,,,0.05,,,,,,,,,,,,,0.06,,,,,,,,0.05,,,,,,,,,,,,,,,,,,,,,,,,,,,,,,,,,,,,,,,,,,,,,,,,,,,,,,,,,,,,,,,,,,,,,,,,,,,,,,,,,,,,,,,,,,,,,,,,,,,,,,,,,,,,,,,,,,,,,,,,,,,,,,,,,,,,,,,,,0.02,,0.27,,,,,,,,,,,,,,,,,,,,,,,,,,,0.02,0.02,,,,,,,,,,,,,,0.01,0.02,,,,,
Jinzhongshi_140700,0.33,0.26,1.18,0.17,0.07,1.89,2.16,0.43,0.49,0.83,0.36,0.11,0.27,22.8,2.69,28.81,10.72,2.74,2.4,,3.08,5.19,8.66,15.39,0.37,0.35,0.1,0.08,,0.3,0.1,0.1,0.61,,0.18,0.11,,,,0.02,,,0.02,0.03,,0.02,,,,0.04,,,,,,,,,,,0.05,0.07,,,,,,,,0.24,0.06,,,,,0.1,,,,0.04,,,,,,,,,,,,,,,,,,,,,,,0.06,,,,,,,,,,,,,,,,,,,,,,,,,,,,,,,0.07,0.1,0.04,,0.07,0.05,0.07,0.09,0.16,0.06,0.2,0.05,0.13,0.35,0.05,0.08,0.08,0.07,0.18,0.08,0.51,0.23,0.22,0.24,0.15,,0.04,0.48,,0.08,,,,0.34,,,0.12,,0.07,,,,,,,,,,,0.06,,,,,,,,,,,,,,,,,,,,,,,,,,,,,,,,,,,,,,,,,,,,,,,,,,,,,,,0.14,,,0.13,,0.04,0.03,,,,0.03,,,,,,,,,,,,0.13,,,0.03,,,,,,0.04,0.08,,,,,,,,,,,,,,,,,,,,,,,,,,,,,,,,,,,,,0.16,0.16,0.12,0.07,0.27,0.53,0.06,1.04,0.21,0.09,0.03,,0.01,0.03,0.04,0.08,0.16,0.13,0.08,0.24,0.02,0.09,0.02,,0.02,,0.02,,,,,,0.11,,0.04,0.01,0.11,,,,,,,,,,,0.02,,0.0,,,,,,
Yunchengshi_140800,0.46,0.23,0.2,0.07,0.09,0.2,0.13,0.18,0.11,0.06,0.12,0.1,0.09,4.87,0.52,0.98,2.39,5.36,0.54,2.11,,1.06,27.82,1.63,0.13,0.08,0.05,,,0.1,0.1,0.06,0.03,,0.03,,,,,0.02,,0.03,0.03,,,,,0.01,0.03,,,,,,0.04,,,,,,,,0.07,,,,0.04,0.09,,,,,0.1,0.04,0.12,0.09,0.17,0.22,0.09,0.08,0.04,0.04,,,0.44,0.04,,,,0.07,,,,,,,,,,,,,0.03,0.02,,0.06,0.03,0.08,,,,,,,,,,,,,,,,,,,,,,,,,,0.06,0.09,0.05,,0.03,0.06,0.07,0.09,0.04,0.07,0.19,,0.05,0.08,,0.25,0.26,0.16,0.87,0.22,0.21,0.12,0.29,0.53,0.08,0.16,0.09,10.35,0.28,0.11,,0.07,0.08,3.08,,0.04,0.17,,0.09,,0.07,,,,,,,,,,,,,,0.04,,,,,,,,,,,,,,,,,,,,,,,,,,,,,,,,,,,,0.08,,,,,,,,,,,,,,0.04,0.06,,,,0.06,,,,,,,0.05,,,0.08,0.05,0.03,,,0.03,0.03,0.09,,0.03,,,0.02,0.02,,0.1,,0.21,0.01,,,0.02,,,,,,,,,,,,0.02,,,,,,,,,,0.03,,,0.02,0.05,,0.07,,0.02,,,1.28,0.32,0.33,0.31,4.03,1.15,0.37,0.55,0.29,0.51,0.07,,0.05,,0.19,0.07,,0.2,0.05,0.2,0.03,0.08,,,0.04,0.02,,0.05,0.01,,,0.08,0.05,0.02,0.04,,,0.02,,0.04,0.14,0.03,,0.03,,,0.03,0.05,0.01,,,,0.02,0.05,,
Xinzhoushi_140900,0.31,0.32,1.41,0.22,0.18,0.45,0.37,1.52,0.55,0.12,0.51,0.18,0.25,14.51,8.17,6.63,1.81,1.1,13.99,3.64,0.75,,1.32,3.39,1.31,1.02,0.23,0.1,,3.21,0.06,0.13,0.83,,0.16,0.07,,,0.03,,0.04,,,,,,0.04,,0.07,0.05,,,,0.02,,,,,,,,,,,0.04,,,0.09,,,,,,,,,,,,,,,,,,,,,,,,,,,,,,,,,,,,,,,,,,,,,,,,,,,,,,,,,,,,,,,,,,0.04,0.04,0.06,0.03,0.03,0.07,,,,0.05,0.03,,0.09,0.14,0.09,,,,0.14,,0.08,0.04,,0.06,0.04,,,,,,,,,0.06,,,0.06,,,0.02,,,,,,0.06,,,,,,,,,,,,,,,,,,,,,,,,,,,,,,,,,,,,,,,,,,,,,,0.04,,,,,,,,,,,,0.03,0.14,,,,,,,,,,,,0.05,,,,,,,0.02,,,0.03,,,,,,,,,,,,,,,,,,,,,,,,,,,,,,,,,,,,,,0.02,,,,,,,,,0.05,0.04,,,0.05,0.03,,8.03,0.12,0.04,,0.04,,0.03,,,,,,,0.02,0.05,,,,0.01,,0.02,0.01,,,,0.02,,0.03,0.03,0.03,,,,,0.01,,,,,,,,,,,0.02,,,
Linfenshi_141000,0.48,0.26,0.2,0.12,0.1,0.68,0.26,0.21,0.21,0.06,0.13,0.1,0.18,7.09,1.0,1.61,7.94,7.11,0.76,5.61,27.4,1.57,,4.91,0.06,0.19,0.11,0.06,0.04,0.21,,0.15,0.12,,0.07,0.06,,,,,,,,0.02,0.02,,0.06,,0.03,,,0.02,,,,,,,,,,0.07,,,,,,,0.14,,0.05,,,,0.05,0.06,,0.07,,0.06,0.03,0.03,0.06,,0.08,0.03,,,,,,,,,,,,,,,,0.03,0.03,,,,0.03,,,,,,,,,,,,,,,,,,,,,,,,,,,0.04,0.07,0.05,,0.05,,0.07,0.04,0.07,0.06,0.17,,0.06,0.12,0.1,0.1,0.11,0.06,0.39,0.15,0.54,0.3,0.28,0.39,0.16,0.08,0.04,0.64,0.18,0.07,,0.11,,1.18,,,0.16,,,,,,,,,,,,,0.08,,,,0.02,,,,,,,,,,,,,,,,,,,,,,,,,,,,,,,,,,,,,,,,,,,,,,,,,,,,,,0.01,,,,,,0.14,,,0.05,,,,0.03,,0.04,,0.02,0.03,0.05,,,,,,,,0.08,,,0.02,,0.01,,,,,,,,,,,,,,,,,0.02,,,,,,,,,,,,,0.13,0.02,,,0.43,0.2,0.18,0.11,0.86,3.19,0.3,1.34,0.22,0.1,0.03,0.04,0.01,0.04,0.13,0.04,0.07,0.07,0.07,0.28,0.03,0.08,0.02,,,,0.06,,0.01,,,,0.06,0.07,0.04,0.04,0.03,,0.01,0.45,,0.02,,,,,,,0.01,,,,,,,
Lvliangshi_141100,0.24,0.19,0.32,0.19,0.06,0.48,0.23,0.16,0.11,0.04,0.24,0.11,0.08,16.85,1.0,3.1,2.88,1.35,1.43,11.87,1.52,3.95,4.85,,0.17,0.39,0.12,,0.03,0.86,,0.09,0.06,,0.11,0.15,,,,0.02,,0.06,,,,,,0.02,0.04,,,,,,0.02,,0.03,0.02,,0.07,,,,,,,,,,0.19,,,,,,,,,,,,,,,,,,,,,,,,,,,,,,0.03,,,,,,,,,,,,,,,,,,,,,0.04,,,,,,,,,,,,,,0.04,0.02,0.03,0.02,,0.05,0.08,0.08,,0.07,,0.05,0.27,0.04,,,,0.11,0.06,0.21,0.07,0.05,0.1,0.08,,,0.11,,,,,,0.1,,,,,,,,,,,,,,,,0.05,,,,,,,,,,,,,0.14,,,,,,,,,,,,,,,,,,,,,,,,,,,,,,,,,,,,,,,,,,,,,,,,,,,,,,,,,,,0.01,,,,,0.04,,,,,,,,,,,,0.0,,,,,,,,,,,,,,,,,,,,,,,0.06,,,,,,0.06,,0.04,,,,0.11,0.09,,0.04,0.08,0.64,0.11,6.5,0.13,,0.06,,0.03,0.03,,0.04,0.04,,0.04,0.12,,0.06,0.02,0.02,0.06,0.01,,,,,0.07,0.12,0.07,0.09,0.02,0.01,0.06,0.02,,0.04,,0.03,,0.05,,,,,,0.0,,,,,0.07,
Huhehaoteshi_150100,0.48,0.23,0.16,0.13,0.14,0.09,0.05,0.23,1.46,0.16,0.15,0.14,0.12,0.2,2.92,0.12,0.07,0.1,2.8,0.07,0.08,0.89,0.05,0.12,,24.7,5.2,3.36,2.45,13.74,7.15,14.14,44.33,2.93,13.25,2.72,0.05,0.08,0.05,0.02,,0.04,0.04,0.06,0.07,,,0.04,0.07,0.07,0.02,,0.03,,0.06,,0.06,0.06,,,0.08,,,,0.08,,,,,0.09,,,,,,,,,,,,,,,,,,,,,,,,,,,,,,,,,,,,,,,,,,,,,,,,,,,,,,,,,,,,,,,,,0.04,0.03,0.03,0.02,,0.05,,,,,,0.03,,0.03,,,,,,,,,,,,,,,,,,,,,,,,,,,,,,,,,,,,,,,,,,,,,,,,,,,,,,,,,,,,,,,,,,,,,,,0.01,,,,,,,,,,,,,,,,0.13,,,0.04,0.1,,0.07,0.05,0.02,,0.03,,0.09,,0.17,0.07,0.03,,,,,,,,,0.03,,,,,,,,,,,,,,,,,,,,,,,,,,,,,,,,,,,,,,,,0.04,0.03,,,0.02,,,0.04,,0.04,,,0.06,,0.52,,,0.03,,0.03,0.04,,0.07,0.04,0.05,0.07,0.06,0.04,,0.04,0.08,0.02,,,,,,,,0.11,0.11,0.06,0.02,0.06,,,,,,0.02,0.07,,,,,,,,,,,0.01,
Baotoushi_150200,0.27,0.19,0.1,0.18,0.06,,0.07,0.16,0.82,0.08,0.1,0.07,0.07,0.1,1.15,0.13,0.08,,0.72,0.21,0.08,0.61,0.07,0.36,18.58,,4.39,0.96,0.36,16.94,0.4,28.67,8.94,0.37,4.12,1.98,,,,,,,0.05,0.05,0.02,,,,,0.04,,,,0.02,,,0.02,,0.04,,,,0.07,,,,,,,,,,,,,,,,,,,,,,,,,,,,,,,,,,,,,,,,,,,,,,,,,,,,,,,,,,,,,,,,,,,,,,,0.03,,,,0.02,,,,,,,,0.03,,,,,,,,,,,0.07,0.05,,,,,,,,,,,,,,,,,,,,,,,,,,,,,,,,,,,,,,,,,,,,,,,,,,,,,,,,,,,,,,,,,,,,,,,,,,,,,,,,0.04,0.06,,,,,,,0.02,,,0.03,0.07,,,,,,,,,,,,,,,,,,,,,,,,,,,,,,,,,,,,,,,,,,,,,,,,,,,,,,,,,0.04,0.02,,,0.03,0.06,,1.2,,0.04,,,0.05,0.06,0.08,0.03,,,,0.09,0.1,,0.03,,,0.01,,,,0.08,,,0.18,0.25,0.07,0.05,0.13,0.02,,0.02,,,,0.04,,,,0.05,,,,0.02,,,,
Wuhaishi_150300,,,,0.08,0.04,,,,0.03,,,,,,0.16,,,,0.06,,,0.04,,0.1,1.52,1.41,,,0.14,9.5,0.06,11.25,0.4,0.03,0.07,18.33,,,,,,,,,,,,,,,,,,,,,,,,,,,,,,,,,,,,,,,,,,,,,,,,,,,,,,,,,,,,,,,,,,,,,,,,,,,,,,,,,,,,,,,,,,,,,,,,,,,,,,,,,,,,,,,,,,,,,,,,,,,,,,,,,,,,,,,,,,,,,,,,,,,,,,,,,,,,,,,,,,,,,,,,,,,,,,,,,,,,,,,,,,,,,,,,,,,,,,,,,,,,,,,,,,,,,,,,,,,,,,,,,,,,,,,,,,,,,,,,,,,,,,,,,,,,,,,,,,,,,,,,,,,,,,,,0.02,,,,0.15,,0.33,,,0.05,0.04,0.03,0.12,,0.17,,0.13,,0.81,0.06,,0.03,,,0.01,0.02,,,,0.07,0.15,0.98,4.29,0.27,0.14,0.26,,,0.04,,,,,,,,,,,,,,,0.03,
Chifengshi_150400,0.57,0.49,0.13,0.97,0.78,,0.05,0.23,0.48,7.87,0.16,0.45,0.09,0.03,0.14,,,,0.06,,,0.02,,0.03,2.03,0.81,0.28,,20.97,0.61,7.25,0.33,1.74,7.34,20.49,0.14,0.64,0.63,0.33,0.14,0.13,0.27,1.31,0.35,1.11,0.15,0.57,0.29,23.84,0.89,0.24,0.12,0.2,0.11,0.13,0.02,0.25,0.46,0.28,0.24,0.64,,,,0.28,0.12,,0.09,0.14,0.24,0.28,,,,,,,,,,,,,,,,,,,,,,,,,,,,,,,,,,,,,,,,,,,,,,,,,,,,,,,,,,,,,,,0.05,0.06,0.02,,0.05,0.08,0.07,,0.04,,,0.04,0.06,,0.06,,,,,,,,,,0.04,,,,,,,,,,,,,,,,,,,,,,,,,,,,,,,,,,,,,,,,,,,,,,,,,,,,,,,,,,,,,,,,,,,,,,,,,,,,,,,,,0.06,,,,0.02,,,,,,,,0.07,,,,,,,,,,,,,,,,,,,,,,,,,,,,,,,,,,,,,,,,,,,,,,,,,,,,,,,,,,,,,,,0.06,,,,,,,,,,,,,,,,,,,,0.02,0.01,,,0.04,,,0.02,,,,,,0.12,0.01,,,,,0.03,,,0.0,0.02,,,,,
Tongliaoshi_150500,0.12,0.22,,0.15,0.16,,,0.06,0.07,0.34,,0.08,,,0.02,,,,0.04,,,,,,0.77,0.17,0.06,14.75,,0.1,3.11,0.06,0.21,22.22,5.92,0.02,1.55,0.76,0.24,0.22,0.26,0.35,1.14,0.46,11.33,0.24,0.5,1.61,1.26,0.38,0.83,0.5,3.85,0.59,0.2,0.12,2.91,3.91,0.11,0.22,0.8,0.07,0.14,0.06,0.2,0.38,,0.19,0.36,0.29,0.23,,,,,,,,,,,,,,,,,,,,,,,,,,,,,,,,,,,,,,,,,,,,,,,,,,,,,,,,,,,,,,,,,,,,,,,,0.06,,,,,0.06,,,,,,,,,,0.04,,,,,,,,,,,,,,,,,,,,,,,,,,,,,,,,,,,,,,,,,,,,,,,,,,,,,,,,,,,,,,,,,,,,,,,,,,,,,,,,,,,,,,,,,,,,,0.07,,,,,,,,,,,,,,,,,,,,,,,,,,,,,,,,,,,,,,,,,,,,,,,,,,,,,,,,,,,,,,,,,,,,0.01,,,,,,,,,,,,,,,,,,,,,0.01,,0.02,,,,,,,,,0.02,,,,,,,,,,,
Eerduosishi_150600,0.1,0.13,0.19,0.15,0.09,0.17,0.12,0.49,2.76,0.19,0.24,0.08,0.1,0.17,4.02,0.25,0.08,0.18,3.31,0.15,0.19,5.67,0.29,1.53,13.68,30.83,31.33,0.63,0.3,,0.2,22.66,4.22,0.21,0.94,2.91,,,0.1,0.01,0.02,0.11,0.08,0.1,0.16,0.02,0.02,0.13,0.12,0.12,0.02,0.05,0.03,0.05,0.06,,0.03,0.03,,,0.1,,0.21,0.06,0.04,0.06,,0.09,0.14,,0.08,,,,,,,,,,,,,,,,,,,,,,,,,,,,,,0.04,,,,,,,,,,,,,,,,,,,,,,,,,,,,,,,,,,,0.05,0.12,0.04,,0.05,0.26,0.12,,,0.08,0.03,0.04,0.07,,,,,,,,0.05,0.11,0.12,,,0.06,0.11,,,,,0.1,,,,,,,0.05,,,,,,0.06,,,,,,,,,,,,,,,,,,,,,,,,,,,,,,,,,,,,,,,,,,,,,,,,,,,,,,,,,,,,,,,,,,,,,,,,,,,,,,,,0.05,,0.01,,,,,,,0.01,,,,,,,,,,,,,,,,,,,,,,,,,,,,,,,0.03,,,,,,,0.09,0.18,0.04,0.05,0.15,1.15,0.17,22.01,0.09,0.06,0.05,0.02,0.07,0.21,0.11,0.2,0.07,0.15,,1.01,0.27,0.06,,0.01,0.03,0.02,,,,,,0.41,2.04,3.94,1.54,0.44,0.61,,,,,,,,,,,0.02,,,,,,,,
Hulunbeiershi_150700,,,,,0.04,,,,,0.06,,,,,,,,,,,,,,,0.25,0.03,,0.45,0.56,,,0.05,0.01,7.16,0.21,,0.05,0.11,0.02,0.03,,,0.03,0.08,0.03,0.02,0.06,0.09,0.09,0.05,0.09,0.08,0.03,0.02,0.03,,0.06,0.37,0.14,0.92,9.46,0.15,,,0.8,0.12,,,0.14,7.66,0.3,18.78,,,,,,,,,,,,,,,,,,,,,,,,,,,,,,,,,,,,,,,,,,,,,,,,,,,,,,,,,,,,,,,,,,,,,,,,,,,,,,,,,,,,,,,,,,,,,,,,,,,,,,,,,,,,,,,,,,,,,,,,,,,,,,,,,,,,,,,,,,,,,,,,,,,,,,,,,,,,,,,,,,,,,,,,,,0.05,,,,,,,,,,,,,,,,,,,,,,,,,,,,,,,,,,,,,,,,,,,,,,,,,,,,,,,,,,,,,,,,,,,,,,,,,,,,,,,,,,,,,,,,0.01,,,,,,,,,,,,,,,,,,,,,,,,,,,,,,,,
Bayannaoershi_150800,0.08,,,0.06,0.05,,,0.05,0.37,0.06,,,,,0.22,,,,0.11,0.03,,0.13,0.07,0.03,7.57,15.33,15.49,0.25,0.2,8.28,0.33,,0.79,0.14,0.55,8.57,,,0.02,,,,,,,,,,0.04,,,,,,0.04,,,,,,,,,,,,,,,,,,,,,,,,,,,,,,,,,,,,,,,,,,,,,,,,,,,,,,,,,,,,,,,,,,,,,,,,,,,,,,,,,,,,,,,,,,,,,,,,,,,,,,,,,,,,,,,,,,,,,,,,,,,,,,,,,,,,,,,,,,,,,,,,,,,,,,,,,,,,,,,,,,,,,,,,,,,,,,,,,,,,,,,,0.03,,,,,,,,,,,,,,,,,,,,,,,,,,,,,,,,0.02,,,,,,,,,,,,,,,,,,,,,,,,,,,,,,0.03,,,,,,,,,,,0.03,,0.37,,0.03,,,0.07,0.09,0.05,0.12,0.04,0.12,0.06,,0.22,,0.04,0.02,0.02,0.02,,,,0.08,,0.04,0.47,0.69,0.17,0.15,0.09,,,,0.14,,,,,,0.02,,,0.04,0.02,,,,,
Wulanchabushi_150900,0.31,0.24,0.11,0.19,0.14,0.07,0.05,0.2,5.97,0.41,0.07,0.14,0.05,0.14,7.82,0.1,,,2.2,0.08,,0.29,0.06,0.07,31.69,8.23,0.99,1.73,0.43,2.71,0.57,1.95,,0.39,15.43,0.31,,,0.02,,,0.04,0.03,,0.04,,,0.02,0.06,,0.02,,,,,,0.02,,,,0.06,0.07,,,,,,,,0.04,0.06,,,,,,,,,,,,,,,,,,,,,,,,,,,,,,,,,,,,,,,,,,,,,,,,,,,,,,,,,,,,,,,,,0.03,,,,,,,,,,0.03,,0.03,,,,,,0.05,,,,,,,,,,,,,,,,,,,,,,,,,,,,,,,,,,,,,,,,,,,,,,,,,,,,,,,,,,,,,,,,,,,,,,,,,,,,,,,,,,,,0.19,,0.01,,,,,,,,,,,0.03,,,,,,,,,,,,,,,,,,,,,,,,,,,,,,,,,,,,,,,,,,,,,,,,0.02,,,,,,,,,,,,,0.04,,0.14,,,,,,,,,0.04,,0.02,,,,,,,,,,,,,,0.06,0.04,0.03,0.04,0.02,,,,0.04,0.01,,,,,,,,0.0,,,,,,
Xinganmeng_152200,,,,,,,,,,,,,,,0.02,,,,,,,,,,0.36,0.06,,1.52,9.57,0.07,16.6,0.03,0.11,,1.62,,0.16,0.14,0.13,0.05,0.08,0.04,0.11,0.11,0.12,0.05,0.06,0.14,0.08,0.07,0.39,0.12,0.19,0.04,0.12,0.2,0.61,20.53,0.04,0.15,11.78,,,0.03,0.21,0.19,,0.09,0.21,0.04,0.14,,,,,,,,,,,,,,,,,,,,,,,,,,,,,,,,,,,,,,,,,,,,,,,,,,,,,,,,,,,,,,,,,,,,,,,,,,,,,,,,,,,,,,,,,,,,,,,,,,,,,,,,,,,,,,,,,,,,,,,,,,,,,,,,,,,,,,,,,,,,,,,,,,,,,,,,,,,,,,,,,,,,,,,,,,,,,,,,,,,,,,,,,,,,,,,,,,,,,,,,,,,,,,,,,,,,,,,,,,,,,,,,,,,,,,,,,,,,,,,,,,,,,,,,,,,,,,,,,,,,,,,,,,,,,,,,,,,,,,,,,,,,,,,,,,,
Xilinguoleimeng_152500,0.13,0.1,0.08,0.13,,,,0.14,5.86,2.79,0.1,0.09,0.05,,0.3,,,,0.09,,0.08,0.04,,,2.77,0.94,0.07,11.15,4.01,0.32,1.45,0.37,5.61,2.44,,0.1,0.02,,0.02,,0.02,0.03,0.05,,0.11,,0.03,0.02,0.24,0.07,0.02,,0.05,,,0.02,0.02,0.05,,0.22,0.13,,,,,,,,,0.04,0.03,,,,,,,,,,,,,,,,,,,,,,,,,,,,,,,,,,,,,,,,,,,,,,,,,,,,,,,,,,,,,,,,,,,,,,,,,,,,,,,,,,,,,,,,,,,,,,,,,,,,,,,,,,,,,,,,,0.06,,,,,,,,,,,,,,,,,,,,,,,,,,,,,,,,,,,,,,,,,,,,,,,,,,,,,,,,,,,,,,,,,,,,,,,,,,,,,,,,,,,,,,,,,,,,,,,,,,,,,,,,,,,,,,,,,,,,,,,,,,,,,,,,,,,,,,,,,,,,,,,,,,,,,,,,,,,,0.01,,,,,,,,,,,,,,0.02,,0.0,,,,,,
Alashanmeng_152900,,,,0.09,,,,0.05,0.08,0.02,,,0.04,,0.03,,,0.05,0.05,0.04,,0.02,,0.03,0.42,0.44,14.46,0.05,0.03,0.59,,4.11,0.09,0.03,0.13,,,,0.02,0.01,,,,,,,,,,,,,,0.02,,,,,0.02,,,,,0.03,,,0.04,,,,,,,,,,,,,,,,,,,,,,,,,,,,,,,,,,,,,,,,,,,,,,,,,,,,,,,,,,,,,,,,,,,,,,,,,,,,,,,,,,,,,,,,,,,,,,,,,,,,,,,,,,,,,,,,,,,,,,,,,,,,,,,,,,,,,,,,,,,,,,,,,,,,,,,,,,,,,,,,,,,,,,,,,,,,,,,,,,,,,,,,,,,,,,,,,,,,,,,,,,,,,,,,,,,,,,,,,,,,,,,,,,,,,,,,,,,,0.04,,,,,0.01,0.03,,,0.11,,0.23,,,0.24,0.4,2.86,3.5,,3.8,2.22,0.24,1.88,0.11,0.06,,0.03,,,,,,,,,0.08,2.41,3.02,0.82,0.33,5.92,0.07,0.01,0.08,6.53,0.09,,0.07,0.13,,0.02,,0.1,0.01,0.02,,,,0.05,
Shenyangshi_210100,0.46,0.41,0.12,0.51,1.08,0.11,0.11,0.14,0.12,0.36,0.25,0.18,0.13,0.05,0.07,,,,0.03,,,0.03,,0.03,0.15,0.13,0.05,3.04,13.17,0.09,1.82,0.1,0.06,3.24,0.26,0.06,,11.66,17.13,56.67,39.95,26.01,20.39,14.84,30.39,31.58,11.75,58.86,15.19,13.03,2.27,2.46,3.4,4.28,6.52,3.78,1.69,2.49,2.88,1.81,2.25,1.35,1.05,0.48,1.18,1.73,0.88,0.29,1.44,1.19,1.17,0.48,,0.06,0.04,0.06,,,,,0.03,0.07,,0.04,,0.03,,,,,,,,,,,,,,,,,,,,0.04,,,,,,,,,,,,,,,,,,,,,,,,,,,,0.08,0.16,0.07,0.04,0.04,0.15,0.13,0.09,0.06,0.21,0.08,0.11,0.08,0.07,0.05,0.08,0.05,,,,0.08,,0.09,,,,0.08,,,,,,,0.04,0.03,,,,,0.02,,0.1,,,,,,,,,,,,,,,,,0.04,,,,,,,,,,,,,,,,,,,,,,,,,,,,,,0.07,,0.08,,,,,,,,,0.04,0.03,0.39,,,0.04,,0.04,0.11,0.13,0.02,,0.03,0.06,0.04,0.03,0.35,0.31,0.34,,,0.03,,,,,,,,,,0.04,0.01,,,,,,,,,,,,,,,,,,,,,,0.02,,,,,0.01,0.03,,0.19,,,,,0.04,0.03,0.03,0.04,0.02,0.04,,,0.01,,,,,,,,,,,,,,,,,,0.05,,,,,,0.02,,,,,,,,,,,,0.03,0.02,,,0.01,,0.08,,0.02,,,,,,0.01,0.02,,,
Dalianshi_210200,0.26,0.26,0.05,0.28,0.64,0.05,,0.08,0.14,0.18,0.09,0.08,0.05,0.02,0.05,0.04,,,0.03,,0.07,,,,0.04,0.03,,1.24,1.38,0.04,1.08,0.03,0.02,0.8,0.11,,4.88,,9.74,3.17,4.51,21.43,3.49,22.01,3.71,4.63,5.02,2.48,3.8,2.39,0.96,1.03,0.52,1.06,1.5,1.29,0.71,1.03,1.2,1.02,0.83,1.42,0.35,0.27,0.38,0.38,0.24,,1.15,0.44,0.47,3.17,,0.05,,0.06,,,,0.12,,0.05,0.05,,0.05,,,,,,,,,,0.11,,,,,,,0.02,,,,,,,,,,,,,,0.06,,,,,,,,,,,,,,,,,,0.07,0.17,0.03,,0.16,0.94,0.1,0.04,0.04,1.23,0.13,,0.05,0.06,0.05,,,,,,,,,,,,,,,,,0.08,,0.04,,,,,,,,,,,,,,,,,,,,,,,,,,,,,,,,,,,,,,,0.04,,,,,,,0.03,,,,,,,,,,,,0.04,,,,,,,,,,0.15,,0.03,,,,,0.13,,0.03,,0.04,,0.03,0.12,0.05,,0.03,,,,,,,,,,,,,,,0.04,,,,,,,,,,,,,,,,,,,,,,,,,0.01,,,,,,,,,,,,,,,,,,,,,,0.05,,,,0.01,,,,,,,0.18,,,,,,,,,,,,,,0.03,,,,,,,,,,,0.04,,,,,0.05,,,,,,,
Anshanshi_210300,0.14,0.12,,0.29,0.37,,,0.07,,0.13,0.06,0.05,,,,,,,,,,0.02,,,0.03,0.02,,0.5,0.95,,0.4,,,0.4,0.03,,7.57,10.37,,2.45,4.04,10.57,4.19,21.97,2.09,33.07,15.56,1.74,1.61,2.19,0.31,0.29,0.34,0.49,0.64,0.4,0.26,0.21,0.14,0.22,0.11,0.07,,0.13,0.18,0.06,0.06,0.09,0.36,,0.11,,,,,,,,,,,,,,,,,,,,,,,,,,,,,,,,,,,,,,,,,,,,,,,,,,0.02,,,,,,,,,,,,,,,,,0.03,,,,,,0.03,,0.03,,,,,,,,,,,,,,,,,,,,,,,,,,,,,,,,,,,,,,,,,,,,,,,,,,,,,,,,,,,,,,,,,,,,,,,,,,,,,,,,,,,,,,,,,0.07,,,,,,,,,,,,,,,0.07,,,,,,0.02,,,,,,,,,,,,,0.02,,,,,,,,,,,,,,,,,,,,,,,,,,,,,,,,,0.03,,,0.04,,,,,,,,,,,,,0.02,0.01,,,,,,,,,,,,,,,,,,,,,,,,,,,,,,,,,,,,,,,,,,,
Fushunshi_210400,,,,,0.08,,,,,0.03,,,,,,,,,0.02,,,,,,,,,0.08,0.14,,0.06,,,0.04,,,9.49,1.75,0.81,,6.87,2.26,0.62,1.34,0.63,1.35,0.85,4.07,0.46,0.47,0.16,0.4,0.13,3.76,3.64,0.6,0.03,0.09,0.56,0.06,,0.15,,,0.05,,,0.09,,0.04,0.05,,,,,,,,,,,,,,,,,,,,,,,,,,,,,,,,,,,,,,,,,,,,,,,,,,,,,,,,,,,,,,,,,,,,,,,,,,,,,,,,,,,,,,,,,,,,,,,,,,,,,,,,,,,,,,,,,,,,,,,,,,,,,,,,,,,,,,,,,,,,,,,,,,,,,,,,,,,,,,,,,,,,,,,,,,,,,,,,,,,,,,,,,,,,,,,,,,,,,,,,,,,,,,,,,,,,,,,,,,,,,,,,,,,,,,,,,,,,,,,,,,,,,,,,,,,,,,,,,,,,,,,,,,,,,,,,,,,,,,,,,,,,,,,,,,,
Benxishi_210500,,,,0.05,0.08,,,,,,,,,,,,,,,,,,,,,,,,0.17,,,,,0.03,0.03,,7.9,2.39,2.07,6.35,,12.65,0.7,1.63,0.93,5.85,1.09,1.54,0.51,0.67,0.18,0.18,0.14,0.34,2.19,0.35,0.05,0.13,0.18,,,,,,0.08,,,,,,,,,,,,,,,,,,,,,,,,,,,,,,,,,,,,,,,,,,,,,,,,,,,,,,,,,,,,,,,,,,,,,,,,,,,,,,,,,,,,,,,,,,,,,,,,,,,,,,,,,,,,,,,,,,,,,,,,,,,,,,,,,,,,,,,,,,,,,,,,,,,,,,,,,,,,,,,,,,,,,,,,,,,,,0.09,,,,,,,,,,,,,,,,,,,,,,,,,,,,,,,,,,,,,,,,,,,,,,,,,,,,,,,,,,,,,,,,,,,,,,,,,,,,,,,,,,,,,,,,,,,,,,,,,,,,,,,,,,,,,,,,,,,,,,,,,,,,
Dandongshi_210600,,,,0.06,0.09,,,,,0.04,,0.03,,,,,,,,,,,,,,,,0.13,0.41,,0.06,,,0.09,,,5.62,11.19,4.59,3.17,16.14,,1.06,2.29,1.02,3.35,1.39,1.37,0.55,0.73,0.39,0.4,0.26,0.56,3.02,0.55,0.08,0.07,0.68,,,0.45,0.14,,0.07,,,0.19,0.64,,,,,,,,,,,,,,,,,,,,,,,,,,,,,,,,,,,,,,,,,,,,,,,,,,,,,,,,,,,,,,,,,,,,,,0.04,,,,,,,,,,,,,,,,,,,,,,,,,,,,,,,,,,,,,,,,,,,,,,,,,,,,,,,,,,,,,,,,,,,,,,,,,,,,,,,,,,,,,,,,,,,,,,,,,,,,,,,,,,,,,,,,,,,,,,,,,,,,,,,,,,,,,,,,,,,,,,,,,,,,,,,,,,,,,,,,,,,,,,,,,,,,,,,,,0.03,,,,,,,,,,,,,,,,,,,,,,,,,,,,,,,,,,,,,,,,,,0.02,,,,
Jinzhoushi_210700,0.24,0.26,,0.38,1.12,,,0.06,0.05,0.2,0.08,0.12,0.04,,,,,,,,,,,,,,,2.56,2.38,0.07,0.44,0.02,0.02,0.37,0.31,,7.46,4.08,3.2,1.21,1.4,1.36,,3.05,23.13,1.81,28.11,1.21,11.26,26.24,0.28,0.28,0.24,0.27,0.33,0.1,0.31,0.41,0.28,0.46,0.25,,,0.13,0.34,0.12,0.08,0.09,0.43,0.14,0.34,,,,,,,,,,,,,,,,,,,,,,,,,,,,,,,,,,,,,,,,,,,,,,,,,,,,,,,,,,,,,,,,0.05,0.03,,0.02,0.06,0.05,,,0.06,,,0.03,,0.02,,,,,,,,,,,,,,,,,,,,,,,,,,,,,,,,,,,,,,,,,,,,,,,,,,,,,,,,,,,,,,,,,,,,,,,,,,,,,,,,,,,,,,,,,,,,,,,,,,,,,,,0.03,,,,,,,,,,,,,,,,,,,,,,,,,,,,,,,,,,,,,,,,,,,,,,,,,,,,,,,,,,,,,,,,,,,,,,,,,,,,,,,,,,,,,,,,,,,,,,,0.02,,,,,,,,,,,,,,,,
Yingkoushi_210800,0.09,0.1,,0.19,0.32,,,0.05,,0.12,,0.06,,,0.02,,,,,,,,,,,,,0.43,0.97,0.04,0.44,,,0.22,,,6.42,19.02,18.95,3.43,3.16,3.43,2.43,,2.11,6.81,14.8,1.91,1.61,2.04,0.54,0.56,0.32,0.56,0.52,0.27,0.35,0.23,0.07,0.75,0.59,0.3,0.14,0.37,0.21,0.44,0.22,0.29,0.21,0.34,0.4,0.48,,,,,,,,,,,,,,,,,,,,,,,,,,,,,,,,,,,,,,,,,,,,,,,,,,,,,,,,,,,,,,,,,,,0.07,,,,0.23,0.04,,,,,,,,,,,,,,,,,,,,,,,,,,,,,,,,,,,,,,,,,,,,,,,,,,,,,,,,,,,,,,,,,,,,,,,,,,,,,,,,,,,,,,,,,,,,,,,,,,,,,,,,,,,,,,,,,,,,,,,,,,,,,,,,,,,,,,,,,,,,,,,,,,,,,,,,,,,,,,,,,,,,,,,,,,,,,,0.02,,,,,,,,,,,,,,,,,0.01,,,,,,,,,,0.01,,,,,,,,,,,,,,,,,
Fuxinshi_210900,0.07,0.1,,0.14,0.23,,,,0.03,0.2,0.06,0.04,,,0.02,,,,0.03,0.02,,,,,,,,0.56,7.93,0.04,0.4,,,0.44,1.54,0.05,4.44,1.93,0.73,0.61,0.64,0.82,7.66,0.91,,0.66,1.59,1.01,3.63,1.57,0.19,0.1,0.14,0.1,0.13,0.15,0.24,0.15,0.09,0.2,0.17,0.15,0.07,0.13,0.43,0.06,0.04,,0.21,0.19,0.18,,,,,,,,,,,,,,,,,,,,,,,,,,,,,,,,,,,,,,,,,,,,,,,,,,,,,,,,,,,,,,,,,,,,,,,,,,,,,,,,,,,,,,,,,,,,,,,,,,,,,,,,,,,,,,,,,,,,,,,,,,,,,,,,,,,,,,,,,,,,,,,,,,,,,,,,,,,,,,,,,,,,,,,0.09,,,,,,,,,,,,,,,,,,,,,,,,,,,,,,,,,,,,,,,,,,,,,,,,,,,,,,,,,,,,,,,,,,,,,,,,,,,,,,,,,,,,,,,,,,,,,,,,,,,0.07,,,,,,,,,,,,,,,,,,,,,,,,,
Liaoyangshi_211000,,,,0.09,0.09,,,,,0.03,,,0.03,,,,,,,,,,,,,,,0.14,0.29,,0.23,,,0.37,0.02,,7.11,2.5,23.13,1.78,9.84,2.32,1.09,2.99,1.32,,1.72,1.12,0.5,0.81,0.13,0.14,0.08,0.1,0.2,0.12,,0.19,0.14,0.2,0.11,,,0.03,0.08,0.06,0.08,0.29,,0.09,0.03,,,,,,,,,,,,,,,,,,,,,,,,,,,,,,,,,,,,,,,,,,,,,,,,,,,,,,,,,,,,,,,,,,,0.02,,,,,,,,,,,,,,,,,,,,,,,,,,,,,,,,,,,,,,,,,,,,,,,,,,,,,,,,,,,,,,,,,,,,,,,,,,,,,,,,,,,,,,,,,,,,,,,,,,,,,,,,,,,,,,,,,0.07,,,,,,,,,,,,,,,,,,,,,,,,,,,,,,,,,,,,,,,,,,,,,,,,,,,,,,,,,,,,,,,,,,,,,,,,,,,,,,,,,,,,,,,,,,,,,,,,,,,,,,,,,,,,,,0.01,
Panjinshi_211100,,,,0.12,0.23,,,,,0.04,,0.03,,,0.03,,,,,,,,,,,,,0.49,0.49,,,,,0.09,0.05,,2.41,2.4,6.73,0.95,0.59,1.11,15.65,11.33,1.94,1.58,,0.81,2.3,2.85,0.11,0.16,0.1,0.15,0.27,0.22,0.25,0.06,0.16,0.3,0.1,0.07,0.07,0.1,0.17,0.06,0.06,0.09,0.36,0.14,0.18,,,,,,,,,,,,,,,,,,,,,,,,,,,,,,,,,,,,,,,,,,,,,,,,,,,,,,,,,,,,,,,,,,,0.05,,,,,0.08,,,,,,,,,,,,,,,,,,,,,,,,0.04,,,,,,,,,,,,,,,,,,,,,,,,,,,,,,,,,,,,,,,,,,,,,,,,,,,,,,,,,,,,,,,,,,,,,,,,,,,,,,,,,,,,0.07,,,,,,,,,,,,,,,,,,,,,,,,,,,,,,,,,,,,,,,,,,,,,,,,,,,,,,,,,,,,,,,,,,,,,,,,,,,,,,,,,,,,,,,,,,,,,,0.01,,,,,,,,,,,,,,,,,
Tielingshi_211200,,0.08,,0.08,0.14,,,,,0.06,,0.05,,,,,,,,,,,,,,,,0.28,2.3,,0.33,,,0.34,0.11,,13.39,2.24,1.31,6.39,2.13,1.41,0.9,1.53,1.54,1.26,1.57,,0.8,0.87,0.8,0.67,8.88,7.19,0.64,0.33,0.3,0.46,0.49,1.07,0.11,0.67,0.14,0.13,0.11,0.12,0.16,0.39,0.36,,0.26,,,,,,,,,,,,,,,,,,,,,,,,,,,,,,,,,,,,,,,,,,,,,,,,,,,,,,,,,,,,,,,,,,,,,,,,,,,,,,,,,,,,,,,,,,,,,,,,,,,,,,,,,,,,,,,,,,,,,,,,,,,,,,,,,,,,,,,,,,,,,,,,,,,,,,,,,,,,,,,,,,,,,,0.03,,0.04,,,,,,,,,,,,,,,,,,,,,,,,,,,,,,,,,,,,,,,,,,,,,,,,,,,,,,,,,,,,,,,,,,,,,,,,,,,,,,,,,,,,,,,,,,,,,,0.02,,,,,,,,,,,,,,,,,,,,,,,,,,,,,
Zhaoyangshi_211300,0.19,0.24,0.05,0.58,0.87,,,0.07,0.11,3.98,0.06,0.13,0.04,,0.04,,,,,,,0.04,0.05,,0.02,0.02,,19.04,1.38,0.05,0.13,,0.04,0.19,0.17,,4.06,3.47,0.94,0.73,0.69,0.96,7.38,1.55,5.65,0.93,3.3,0.77,,10.33,0.15,0.13,0.13,0.08,0.12,0.12,0.11,0.02,0.14,0.14,0.18,,,0.03,0.05,0.12,0.06,,,0.09,,,,,,,,,,,,,,,,,,,,,,,,,,,,,,,,,,,,,,,,,,,,,,,,,,,,,,,,,,,,,,,,,,,,0.02,,,,,,,,,,,,,,,,,,,,,,,,,,,,,,,,,,,,,,,,,,,,,,,,,,,,,,,,,,,,,,,,,,,,,,,,,,,,,,,,,,,,,,,,,,,,,,,,,,,,,,,,,,,,,,,,,,,,,,,,,,,,,,,,,,,,,,,,,,,,,,,,,,,,,,,,,,,,,,,,,,,,,,,,,,,,,,,,,,,,,,,,,,,,,,,,,,0.01,,,,,,,,0.01,,,,,,,,,,,,,,,,0.0,,,,,,
Huludaoshi_211400,0.66,0.5,0.06,0.9,13.11,0.05,0.04,0.12,0.1,0.47,0.11,0.28,0.08,,0.04,0.04,,,,,,0.06,,,,0.04,,1.66,0.69,0.04,0.3,,0.05,0.29,0.09,,3.62,2.28,1.24,0.99,1.02,1.1,20.01,1.33,2.7,1.01,3.45,0.82,11.82,,0.27,0.32,0.24,0.15,0.22,0.22,0.26,0.17,0.21,0.58,0.37,0.22,0.07,0.06,0.18,0.25,0.14,0.09,0.64,0.19,0.39,,,,,,,,,,,,,,,,,,,,,,,,,,,,,,,,,0.02,,,,,,,,,,,,,,,,,,,,,,,,,,,,,,,0.04,0.04,,0.03,0.09,0.06,,,0.41,,,0.07,,0.05,,,,,,0.03,,,,,,,,,,,,,,,,,,,,,,,,,,,,,,,,,,,,,,,,,,,,,,,,,,,,,,,,,,,,,,,,,,,,,,,,,,,,,,,,,,,,,,,,,,0.03,,,,,,,,,,,,,,,,,,,,,,,,,,,,,,,,,,,,,,,,,,,,,,,,,,,0.07,,,,,,,,,,,,,,,,,,,,,,,,0.09,,,,,,,,,,,,,,,,,,,,,,,,,,,,,,,,,,,,,,,,,,,
Changchunshi_220100,0.25,0.25,0.06,0.16,0.39,,,0.07,0.05,0.08,0.1,0.1,0.04,0.03,,,,,,,,,,,0.04,,,0.59,3.54,,1.82,,0.02,5.22,0.16,,1.5,1.5,0.46,0.5,0.39,1.03,0.55,0.9,0.76,0.33,0.48,1.65,0.39,0.69,,54.47,61.33,26.73,22.71,25.66,56.17,27.66,30.91,7.58,1.31,0.9,0.91,0.68,2.33,1.86,0.51,0.79,2.16,1.04,1.12,,,,,,,,,,,,,,,,,,,,,,,,,,,,,,,,,,,,,,,,,,,,,,,,,,,,,,,,,,,,,,,0.06,0.11,0.04,,0.03,0.16,0.09,0.04,0.03,0.2,0.06,0.06,0.05,0.04,0.04,,,,,,,,,,,,,,,,,,,,,,,,,,,,,,,,,,,0.04,,,,,,,,,,,,,,,,,,,,,,,,,,,,,,,,,,,,,,,,,0.14,,,,,,,,,,,0.24,,0.06,0.19,0.13,0.06,0.26,0.27,0.1,0.12,0.09,,,,0.23,0.2,0.23,,,,,,,,,,,,,,,,,,,,,,,,,,,,,,,,,,,,,,,,0.06,,,,,,0.04,,0.02,,,,,,,,,,,,,,,,,0.02,,,,,,,,,,,,,,0.04,,,,,,,,,0.03,0.01,,0.02,,,,,0.07,,,,,,0.02,,,,,0.01,,,,
Jilinshi_220200,0.1,0.13,,0.12,0.18,,0.03,,,0.06,,,,,,,,,,,,,,,,,0.02,0.11,0.58,,0.37,0.03,,0.21,0.13,,0.56,0.63,0.19,0.25,0.22,0.27,0.12,0.46,0.13,0.12,0.25,0.27,0.09,0.24,20.49,,2.91,4.68,9.12,6.68,3.06,2.46,23.17,3.76,0.17,1.65,0.14,0.17,0.3,0.12,0.14,0.39,3.09,0.24,0.28,,,,,,,,,,,,,,,,,,,,,,,,,,,,,,,,,,,,,,,,,,,,,,,,,,,,,,,,,,,,,,,,0.06,,,0.03,0.05,0.07,,,0.09,,,,,,,,,,,,,,,,,,,,,,,,,,,,,,,,0.05,,,,,,,,,,,,,,,,,,,,,,,,,,,,,,,,,,,,,,,,,,,,,,,,,,,,,,,,,,,,,,0.03,0.09,0.18,,0.03,0.27,,,,0.04,,,0.19,0.07,0.11,,,,,,,,,,,,,,,,,,,,,,,,,,,,,,,,,,,,,,,,,,,,,,,,,,,,,,,,,,,,,,,,,,,,0.01,,,,,,0.02,,,,,,,,,,,,,,,,,,0.01,,,,,,,,0.02,,,,,0.0,,,,,0.01,
Sipingshi_220300,,0.09,,0.07,0.12,,,,0.04,0.02,,0.04,,,,,,,,,,,,,,,,0.18,7.19,,0.3,,,0.67,0.1,,1.02,0.55,0.29,0.31,0.38,0.27,0.22,0.48,0.37,0.17,0.29,9.54,0.2,0.37,27.66,4.71,,13.15,3.06,2.15,7.15,2.95,2.5,1.07,0.46,0.45,0.14,0.13,0.35,0.19,0.18,0.19,1.36,0.14,0.37,,,,,,,,,,,,,,,,,,,,,,,,,,,,,,,,,,,,,,,,,,,,,,,,,,,,,,,,,,,,,,,,,,,,,,,,0.05,,,,,,,,,,,,,,,,,,,,,,,,,,,,,,,,,,,,,,,,,,,,,,,,,,,,,,,,,,,,,,,,,,,,,,,,,,,,,,,,,,,,,,,,,,,,,,,,0.04,,0.05,,0.08,,,,,,,,,,,,,,,,,,,,,,,,,,,,,,,,,,,,,,,,,,,,,,,,,,,,,,,,,,,,,,,,,,,,,,,,,,,,,,,,,,,,,,,,,,,,,,,,,,,,,,,,,,,,,,,,,,,,,,,
Liaoyuanshi_220400,,,,0.07,0.06,,,,,0.03,,,,,,,,,,,,,,,,,,0.05,0.37,,,,,0.11,,,0.33,0.23,0.1,2.33,0.24,0.17,,0.28,0.11,0.07,0.17,2.54,,0.06,3.82,1.77,3.51,,16.17,1.95,0.36,0.45,1.41,0.12,0.08,0.07,,,,,0.04,,,,0.03,,,,,,,,,,,,,,,,,,,,,,,,,,,,,,,,,,,,,,,,,,,,,,,,,,,,,,,,,,,,,,,,,,,,,,,,,,,,,,,,,,,,,,,,,,,,,,,,,,,,,,,,,,,,,,,,,,,,,,,,,,,,,,,,,,,,,,,,,,,,,,,,,,,,,,,,,,,,,,,,,,,,,,,,,,,,,,,,,,,,0.07,,,,,,,,,,,,,,,,,,,,,,,,,,,,,,,,,,,,,,,,,,,,,,,,,,,,,,,,,,,,,,,,,,,,,,,,,,,,,,,,,,,,,,,,,,,,,,,,,,,,,,,,,,,,,,,
Tonghuashi_220500,,0.1,,0.08,0.13,,,,,0.03,,,,,,,,,,,,,,,,,,,0.27,,0.1,,,0.11,,,0.76,0.65,0.17,2.34,2.1,1.94,0.09,0.23,0.1,0.16,0.13,0.51,0.08,0.3,5.92,7.53,1.55,26.69,,33.28,0.69,0.82,3.8,0.32,0.06,,0.07,0.1,0.07,,0.14,,0.36,0.04,,0.24,,,,,,,,,,,,,,,,,,,,,,,,,,,,,,,,,,,,,,,,,,,,,,,,,,,,,,,,,,,,,,,0.04,,,,,,,,,,,,,,,,,,,,,,,,,,,,,,,,,,,,,,,,,,,,,,,,,,,,,,,,,,,,,,,,,,,,,,,,,,,,,,,,,,,,,,,,,,,,,,,,,,,,,,,,,,,0.03,,,,,,,,,,,,,,,,,,,,,,,,,,,,,,,,,,,,,,,,,,,,,,,,,,,,,,,,,,,,,,,,,,,,,,,,,,,,,,,,,,,,,,,,,,,,,,,,,,,,,,,,,,,,,,,,,,,,,,,,
Baishanshi_220600,,,,,,,,,,,,,,,,,,,,,,,,,,,,,0.05,,0.1,,,,,,0.2,0.3,0.02,0.12,0.32,0.37,0.03,0.08,0.03,0.03,,0.15,0.04,0.08,3.32,2.94,0.6,1.3,16.81,,0.31,0.23,12.03,,,0.15,,0.17,,0.06,0.04,,0.36,,,,,,,,,,,,,,,,,,,,,,,,,,,,,,,,,,,,,,,,,,,,,,,,,,,,,,,,,,,,,,,,,,,,,,,,,,0.06,0.04,,,,,,,,,,,,,,,,,,,,,,,,,,,,,,,,,,,,,,,,,,,,,,,,,,,,,,,,,,,,,,,,,,,,,,,,,,,,,,,,,,,,,,,,,,,,,,,,,,,,,,0.04,,,0.05,,0.03,,,,,,,,,,,,,,,,,,,,,,,,,,,,,,,,,,,,,,,,,,,,,,,,,,,,,,,,,,,,,,,,,,,,,,,,,,,,,,,,,,,,,,,,,,,,,,,,,,,,,,,,,,,,,0.05,,
Songyuanshi_220700,,,,0.06,0.08,,,,,,,,,,,,,,,,,,,,,,,0.25,3.25,,0.71,,,1.18,0.1,,0.32,0.48,0.09,0.15,0.03,0.07,0.06,0.21,0.25,0.15,0.24,0.3,0.16,0.17,14.93,2.45,4.37,0.95,0.95,0.94,,23.19,1.77,2.69,1.22,,0.14,0.03,6.07,0.57,0.14,,0.36,0.49,0.94,0.24,,,,,,,,,,,,,,,,,,,,,,,,,,,,,,,,,,,,,,,,,,,,,,,,,,,,,,,,,,,,,,,,,,,,,,,,,,,,,,,,,,,,,,,,,,,,,,,,,,,,,,,,,,,,,,,0.04,,,,,,,,,,,,,,,,,,,,,,,,,,,,,,,,,,,,,,,,,,,,,,,,,,,,,,,,0.04,,,,,,,,,,,0.05,0.07,,,,,,,,,,,,,,,,,,0.01,,,,,,,,,,,,,,,,,,,,,,,,,,,,,,,,,,,,,,,,,,,,,,,,,,,,,,,,,,,,,,,,,,,,,,,,,,,,,,,,,,,,,,,0.01,,,,,,
Baichengshi_220800,,,,,0.06,,,,,,,,,,,,,,,,,,,,,,,0.31,1.69,,1.52,,,25.34,0.11,,0.27,0.26,0.06,0.07,0.08,,0.14,0.11,0.19,0.07,0.11,0.19,0.04,0.11,4.39,1.05,0.92,0.31,0.45,0.4,13.12,,1.18,0.12,4.11,,,0.24,1.21,,0.06,,,0.34,0.11,0.73,,,,,,,,,,,,,,,,,,,,,,,,,,,,,,,,,,,,,,,,,,,,,,,,,,,,,,,,,,,,,,,,,,,,,,,,,,,,,,,,,,,,,,,,,,,,,,,,,,,,,,,,,,,,,,,,,,,,,,,,,,,,,,,,,,,,,,,,,,,,,,,,,,,,,,,,,,,,,,,,,,,,,,,,,,,,,,,,,,,,,,,,,,,,,,,,,,,,,,,,,,,,,,,,,,,,,,,,,,,,,,,,,,,,,,,,,,,,,,,,,,,,,,,,,,,,,,,,,,,,,,,,,,,,,,,,,,,,,,,,,,,,,,,,,,
Yanbianchaoxianzuzizhizhou_222400,,,,,,,,,,,,,,,,,,,,,,,,,,,,0.08,0.15,,,,,0.27,,,0.16,0.23,0.04,0.05,0.15,0.3,0.05,0.09,0.05,0.05,0.07,0.13,0.05,0.12,3.48,6.84,0.66,0.5,1.76,13.0,0.86,0.49,,0.29,0.08,0.6,0.14,0.27,0.14,0.19,0.08,0.49,10.51,,0.03,,,,,,,,,,,,,,,,,,,,,,,,,,,,,,,,,,,,,,,,,,,,,,,,,,,,,,,,,,,,,,,,,,,,,,,,0.06,0.03,,,,,,,,,,,,,,,,,,,,,,,,,,,,,,,,,,,,,,,,,,,,,,,,,,,,,,,,,,,,,,,,,,,,,,,,,,,,,,,,,,,,,,,,,,,,,,,0.03,,0.01,0.03,,,,,,,,0.07,,,,,,,,,,,,,,,,,,,,,,,,,,,,,,,,,,,,,,,,,,,,,,,,,,,,,,,,,,,,,,,,,,,,,,,,,,,0.07,,,,,,,,,,,,,,,,,,,,,,,,,,,,,,,,,,,,,
Haerbinshi_230100,,0.1,,0.06,0.25,,,0.05,0.03,,,0.05,,,,,,,,,,,,,,,,0.06,0.18,,2.06,,,0.24,0.05,,0.24,0.26,0.1,0.1,0.02,0.26,0.18,0.62,0.13,0.06,0.16,0.2,0.05,0.42,1.17,1.88,0.25,0.11,0.22,0.33,1.32,0.22,0.73,,12.36,17.36,6.45,9.57,7.42,10.07,16.46,18.08,34.0,10.05,27.92,6.58,,,,,,,,,,,,,,,,,,,,,,,,,,,,,,,,,,,,,,,,,,,,,,,,,,,,,,,,,,,,,,,0.04,,,0.03,0.06,0.08,,,,,0.04,,,,,,,,,,,,,,,,,,,,,,,,,,,,,,0.2,,,,,,,,,,,,,,,,,,,,,,,,,,,,,,,,,,,,,,,,,,,,,,,,,,,,,,,,,,0.04,,0.38,,,0.09,0.12,,0.07,0.41,,0.06,0.06,,,0.06,0.4,0.07,0.15,,,,,,,,,,,,,,,,,,,,,,,,,,,,,,,,,,,,,,,,,,,,0.07,,,,,,,,,,,,,,,,,,,,,,,,,,,,,,,,,,,0.01,,,,0.02,,,,,,,,,,,,,,,,,,,,,,,,,,,,
Qiqihaershi_230200,,,,,0.07,,,,,,,,,,,,,,,,,,,,,,,0.03,0.06,,21.41,,0.02,9.14,,,0.11,0.2,0.07,0.01,,,0.06,0.15,0.03,0.06,0.04,0.04,,0.12,0.08,0.07,0.06,,0.04,0.05,0.2,2.73,0.11,3.69,,0.75,0.77,0.34,14.91,0.83,0.77,0.19,0.5,38.09,5.93,20.73,,,,,,,,,,,,,,,,,,,,,,,,,,,,,,,,,,,,,,,,,,,,,,,,,,,,,,,,,,,,,,,,,0.03,,,,,,,,,,,,,,,,,,,,,,,,,,,,,,,,,,,,,,,,,,,,,,,,,,,,,,,,,,,,,,,,,,,,,,,,,,,,,,,,,,,,,,,,,,,,,,,,,,,,,0.04,,,,0.09,,,,,,,0.08,,,,,,,,,,,,,,,,,,,,,,,,,,,,,,,,,,,,,,,,,,,,,,,,,,,,,,,,,,,,,,,,,,,,,,,,,,,,,,,,,,,,,,,,,,,,,,,,,,,,,,,,,,,,,,,,,
Jixishi_230300,,,,,,,,,,,,,,,,,,,,,,,,,,,,,,,,,,,,,,,,,,,,0.02,,0.01,0.02,0.02,,,,0.07,,,,0.07,,,0.09,1.46,0.15,,1.33,7.44,0.2,0.64,2.7,16.6,9.87,0.59,0.31,,,,,,,,,,,,,,,,,,,,,,,,,,,,,,,,,,,,,,,,,,,,,,,,,,,,,,,,,,,,,,,,,,,,,,,,,,,,,,,,,,,,,,,,,,,,,,,,,,,,,,,,,,,,,,,,,,,,,,,,,,,,,,,,,,,,,,,,,,,,,,,,,,,,,,,,,,,,,,,,,,,,,,,,,,,,0.04,,,,,,,,,,,,,,,,,,,,,,,,,,,,,,,,,,,,,,,,,,,,,,,,,,,,,,,,,,,,,,,,,,,,,,,,,,,,,,,,,,,,,,,,,,,,,,,,,,,,,,,,,,,,,,,,,,,,,,,
Hegangshi_230400,,,,,,,,,,,,,,,,,,,,,,,,,,,,,,,,,,,,,,,,,,,,,,,,,,,,,,,,,,,,0.91,0.29,1.2,,1.47,0.12,6.35,17.49,1.48,0.36,1.24,0.44,,,,,,,,,,,,,,,,,,,,,,,,,,,,,,,,,,,,,,,,,,,,,,,,,,,,,,,,,,,,,,,,,,,,,,,,,,,,,,,,,,,,,,,,,,,,,,,,,,,,,,,,,,,,,,,,,,,,,,,,,,,,,,,,,,,,,,,,,,,,,,,,,,,,,,,,,,,,,,,,,,,,,,,,,,,,,,,,,,,,0.03,,,,,,,,,,,,,,,,,,,,,,,,,,,,,,,,,,,,,,,,,,,,,,,,,,,,,,,,,,,,,,,,,,,,,,,,,,,,,,,,,,,,,,,,,,,,,,,,,,,,,,,,,,,,,,,
Shuangyashanshi_230500,,,,,,,,,,,,,,,,,,,,,,,,,,,,,,,,,,,,,,,,,,,,0.02,,,,,,,,,,,,0.12,0.02,,,1.18,0.15,19.32,3.92,,0.22,0.77,36.11,20.65,0.72,0.29,0.68,0.73,,,,,,,,,,,,,,,,,,,,,,,,,,,,,,,,,,,,,,,,,,,,,,,,,,,,,,,,,,,,,,,,,,,,,,,,,,,,,,,,,,,,,,,,,,,,,,,,,,,,,,,,,,,,,,,,,,,,,,,,,,,,,,,,,,,,,,,,,,,,,,,,,,,,,,,,,,,,,,,,,,,,,,,,,0.03,,,,,,,,,,,,,,,,,,,,,,,,,,,,,,,,,,,,,,,,,,,,,,,,,,,,,,,,,,,,,,,,,,,,,,,,,,,,,,,,,,,,,,,,,,,,,,,,,,,,,,,,,,,,,,,,,,,,,,,,,
Daqingshi_230600,,,,,0.05,,,,,,,,,,,,,,,,,,,,,,,0.12,0.08,,2.06,,,0.26,,,0.06,0.13,,0.05,,0.03,0.05,0.15,0.07,0.04,0.15,0.05,,0.07,0.19,0.11,0.04,0.05,0.06,,2.51,1.29,0.14,3.14,14.65,0.75,0.21,0.06,,1.54,0.51,0.69,0.28,2.58,34.42,0.97,,,,,,,,,,,,,,,,,,,,,,,,,,,,,,,,,,,,,,,,,,,,,,,,,,,,,,,,,,,,,,,,,,,,,,,,,,,,,,,,,,,,,,,,,,,,,,,,,,,,,,,,,,,,,,,,,,,,,,,,,,,,,,,,,,,,,,,,,,,,,,,,,,,,,,,,,,,,,,,,,,,0.08,,,0.19,0.07,,0.05,0.11,,,,,,,0.17,0.09,0.15,,,,,,,,,,,,,,,,,,,,,,,,,,,,,,,,,,,,,,,,,,,,,,,,,,,,,,,,,,,,,,,,,,,,,,,,,,,,,,,,,,,,,,,,,,,,,,,,,,,,,,,,,,,,,,,
Yichunshi_230700,,,,,,,,,,,,,,,,,,,,,,,,,,,,,,,,,,0.03,,,,,,,,,,,,,,,,,0.02,,,,,,0.01,,,1.26,0.25,0.37,6.31,0.58,0.25,,6.29,0.39,0.36,4.23,6.73,0.48,,,,,,,,,,,,,,,,,,,,,,,,,,,,,,,,,,,,,,,,,,,,,,,,,,,,,,,,,,,,,,,,,,,,,,,,,,,,,,,,,,,,,,,,,,,,,,,,,,,,,,,,,,,,,,,,,,,,,,,,,,,,,,,,,,,,,,,,,,,,,,,,,,,,,,,,,,,,,,,,,,,,,,0.04,,,,0.03,,,,,,,,,,,,,,,,,,,,,,,,,,,,,,,,,,,,,,,,,,,,,,,,,,,,,,,,,,,,,,,,,,,,,,,,,,,,,,,,,,,,,,,,,,,,,,,,,,,,,,,,,,,,,,,,,,,,,,,,
Jiamusishi_230800,,,,,,,,,,,,,,,,,,,,,,,,,,,,,,,,,,0.03,,,0.03,0.09,,,,,,0.08,0.03,,0.04,0.01,0.03,,0.04,0.04,0.02,,0.04,,0.01,,0.09,8.16,0.78,9.47,65.89,61.98,0.28,14.76,,22.52,2.23,0.99,2.99,2.19,,,,,,,,,,,,,,,,,,,,,,,,,,,,,,,,,,,,,,,,,,,,,,,,,,,,,,,,,,,,,,,,,,,,,,,,,,,,,,,,,,,,,,,,,,,,,,,,,,,,,,,0.07,,,,,,,,,,,,,,,,,,,,,,,,,,,,,,,,,,,,,,,,,,,,,,,,,,,,,,,,,,,,,,,,,,,0.07,,,,,,,0.05,,,,,,,,,,,,,,,,,,,,,,,,,,,,,,,,,,,,,,,,,,,,,,,,,,,,,,,,,,,,,,,,,,,,,,,,,,,,,,,,,,,,,,,,,,,,,,,,,,,,,,,0.02,,,,,,,,,,
Qitaiheshi_230900,,,,,,,,,,,,,,,,,,,,,,,,,,,,,,,,,,,,,,,,0.01,,,,0.03,,,,,,,,,,,,,,0.02,0.16,1.46,0.1,12.4,0.77,6.92,0.22,0.32,3.99,,3.89,0.09,0.13,,,,,,,,,,,,,,,,,,,,,,,,,,,,,,,,,,,,,,,,,,,,,,,,,,,,,,,,,,,,,,,,,,,,,,,,,,,,,,,,,,,,,,,,,,,,,,,,,,,,,,,,,,,,,,,,,,,,,,,,,,,,,,,,,,,,,,,,,,,,,,,,,,,,,,,,,,,,,,,,,,,,,,,,,,,,,,,,,,0.05,,,,,,,,,,,,,,,,,,,,,,,,,,,,,,,,,,,,,,,,,,,,,,,,,,,,,,,,,,,,,,,,,,,,,,,,,,,,,,,,,,,,,,,,,,,,,,,,,,,,,,,,,,,,,,,,,
Mudanjiangshi_231000,,,,,0.04,,,,,,,,,,,,,,,,,,,,,,,,,,,,,,,,0.02,0.07,,,0.01,0.07,,0.04,,,,0.04,0.03,0.03,0.06,0.09,0.01,,,0.07,0.03,0.02,2.88,5.09,0.29,14.51,0.35,0.85,0.34,1.34,0.86,5.53,,0.54,0.34,0.48,,,,,,,,,,,,,,,,,,,,,,,,,,,,,,,,,,,,,,,,,,,,,,,,,,,,,,,,,,,,,,,,,,,,,,,,,,,,,,,,,,,,,,,,,,,,,,,,,,,,,,,,,,,,,,,,,,,,,,,,,,,,,,,,,,,,,,,,,,,,,,,,,,,,,,,,,,,,,,,,,,,,,,,,,,,,,,,,,0.07,,,,,,,,,,,,,,,,,,,,,,,,,,,,,,,,,,,,,,,,,,,,,,,,,,,,,,,,,,,,,,,,,,,,,,,,,,,,,,,,,,,,,,,,,,,,,,,,,,,,,,,,,,,,,,,,,
Heiheshi_231100,,,,,0.05,,,,,,,,,,,,,,,,,,,,,,,,,,5.28,,,,,,0.03,0.07,,,,,,,,,0.03,0.01,,,,,,0.04,,0.02,,0.05,0.04,1.47,11.06,0.6,0.42,0.13,0.63,6.61,0.51,0.29,0.21,,3.43,25.12,,,,,,,,,,,,,,,,,,,,,,,,,,,,,,,,,,,,,,,,,,,,,,,,,,,,,,,,,,,,,,,,,,,,,,,,,,,,,,,,,,,,,,,,,,,,,,,,,,,,,,,,,,,,,,,,,,,,,,,,,,,,,,,,,,,,,,,,,,,,,,,,,,,,,,,,,,,,,,,,,,,,,,,,,,,,,,,,,,,,,,,,,,,,,,,,,,,,,,,,,,,,,,,,,,,,,,,,,,,,,,,,,,,,,,,,,,,,,,,,,,,,,,,,,,,,,,,,,,,,,,,,,,,,,,,,,,,,,,,,,,,,,,,,,,
Suihuashi_231200,,,,,0.09,,,,,,,0.03,,,,,,,,,,,,,,,,0.05,0.14,,1.25,,,0.08,,,0.09,0.13,0.04,0.02,,0.04,0.06,0.13,,,0.06,0.04,0.03,0.09,0.1,0.1,0.05,,,0.07,0.46,0.05,,24.23,9.69,2.1,2.24,1.33,49.77,39.02,2.44,0.39,1.15,16.48,,9.75,,,,,,,,,,,,,,,,,,,,,,,,,,,,,,,,,,,,,,,,,,,,,,,,,,,,,,,,,,,,,,,,,,,,,,,,,,,,,,,,,,,,,,,,,,,,,,,,,,,,,,,,,,,,,,,,,,,,,,,,,,,,,,,,,,,,,,,,,,,,,,,,,,,,,,,,,,,,,,,,,,,,,,0.04,,,,0.07,,,,,,,0.07,,,,,,,,,,,,,,,,,,,,,,,,,,,,,,,,,,,,,,,,,,,,,,,,,,,,,,,,,,,,,,,,,,,,,,,,,,,,,,,,,,,,,,,,,,,,,,,,,,,,,,,,,,,,,,,,,
Daxinganlingdiqu_232700,,,,,,,,,,,,,,,,,,,,,,,,,,,,,,,1.86,,,,,,,,,,,,,,,,,,,,,,,,,,,,,0.22,0.92,,,,0.05,,0.08,,,3.53,0.09,,,,,,,,,,,,,,,,,,,,,,,,,,,,,,,,,,,,,,,,,,,,,,,,,,,,,,,,,,,,,,,,,,,,,,,,,,,,,,,,,,,,,,,,,,,,,,,,,,,,,,,,,,,,,,,,,,,,,,,,,,,,,,,,,,,,,,,,,,,,,,,,,,,,,,,,,,,,,,,,,,,,,,,,,,,,,,,,,,,,,,,,,,,,,,,,,,,,,,,,,,,,,,,,,,,,,,,,,,,,,,,,,,,,,,,,,,,,,,,,,,,,,,,,,,,,,,,,,,,,,,,,,,,,,,,,,,,,,,,,,,,,,,,,,,,
Shanghaishi_310000,0.37,0.32,0.21,0.21,0.12,0.22,0.17,0.13,0.13,0.1,0.17,0.08,0.17,0.17,0.1,0.26,0.26,0.24,0.06,0.07,0.35,0.09,0.14,0.05,0.11,0.19,0.09,0.15,0.17,0.07,0.33,0.03,0.02,0.06,0.06,0.14,0.2,0.49,0.18,0.2,0.08,0.19,0.17,0.15,0.1,0.1,0.09,0.08,0.06,0.15,0.17,0.29,0.08,0.1,0.11,0.17,0.05,0.05,0.61,0.75,0.83,0.45,0.14,0.03,0.24,0.06,0.24,0.19,0.36,0.44,0.08,0.97,,1.73,4.28,1.64,3.08,14.1,15.29,1.98,2.29,6.41,3.41,1.97,4.48,2.24,3.5,4.49,2.17,12.79,5.55,3.61,2.03,1.37,13.07,2.76,1.63,1.35,3.05,2.77,3.1,1.26,1.01,1.95,2.23,2.97,2.04,2.7,1.56,2.49,2.13,2.22,3.88,0.59,0.35,0.43,0.51,0.48,0.29,1.46,0.33,1.34,0.75,1.07,0.44,1.11,0.59,1.14,0.71,0.67,0.63,1.47,1.74,0.21,0.49,0.17,0.94,0.22,0.54,0.36,0.47,0.28,0.54,0.34,1.0,0.19,0.23,0.17,0.78,0.29,0.28,0.46,0.27,0.21,0.23,0.3,0.2,0.29,0.27,0.38,0.37,0.72,1.24,2.33,1.11,0.86,0.14,0.27,0.34,0.49,0.32,0.5,0.2,0.28,0.7,0.27,0.68,0.69,0.43,0.45,0.18,0.18,0.3,0.06,0.21,0.23,0.13,0.28,0.18,0.2,0.26,0.53,0.14,0.19,0.16,0.23,0.15,0.15,0.17,0.08,0.27,0.24,0.19,0.08,0.06,0.43,0.08,0.04,0.07,0.08,0.08,0.04,0.07,0.04,0.08,0.04,0.1,0.13,0.09,0.19,0.09,0.35,0.08,0.3,0.15,0.08,0.06,0.05,0.04,0.06,0.05,0.02,0.07,0.24,1.15,,0.35,0.24,0.16,0.13,0.26,0.19,0.06,,0.16,0.04,,0.12,0.21,0.33,0.3,0.07,0.62,0.16,0.1,0.15,0.08,0.08,0.17,0.18,0.15,0.07,0.08,0.31,0.05,0.15,0.16,0.25,0.07,0.44,0.08,0.01,0.05,0.1,0.12,0.07,0.3,0.17,0.09,0.12,0.22,0.16,0.08,0.19,0.1,0.09,0.16,0.15,0.14,0.13,0.15,0.1,0.12,0.07,0.31,0.18,0.2,0.02,,0.18,0.09,0.03,0.17,,,,0.18,0.06,0.19,0.11,0.12,0.07,0.33,0.05,0.43,0.08,0.22,0.05,0.19,0.07,0.55,0.11,0.16,0.13,0.15,0.23,0.12,0.24,0.09,0.01,0.09,0.03,,,,0.08,0.07,,0.14,0.06,0.11,0.07,0.04,0.22,0.03,,0.09,0.05,0.15,0.12,0.04,,0.21,0.02,0.07,,0.13,0.03,0.02,,,
Nanjingshi_320100,0.15,0.18,0.1,0.1,0.17,0.19,0.08,0.1,0.1,0.04,0.08,0.05,0.11,0.08,0.05,0.11,0.13,0.15,0.08,0.06,0.19,0.04,0.12,0.06,0.11,0.05,,,0.11,,0.06,0.02,0.03,0.03,0.09,0.05,0.08,0.24,0.04,0.01,0.05,0.15,0.13,0.06,,0.02,0.03,0.04,,0.07,0.07,0.1,0.07,0.08,0.17,,0.05,0.03,0.23,0.27,0.08,0.07,0.14,0.06,,0.25,0.02,0.09,0.21,0.04,,,1.85,,3.46,4.31,6.24,2.36,4.91,5.26,13.69,6.42,13.33,25.66,6.1,9.88,0.95,0.71,0.44,0.68,1.34,0.41,0.57,0.57,0.82,0.5,0.33,2.05,5.9,3.93,1.52,25.13,2.0,3.34,1.98,1.82,21.8,1.64,2.86,2.05,2.36,2.49,8.38,0.2,0.11,0.2,0.08,0.12,0.08,0.25,0.04,0.23,0.31,0.32,0.1,0.63,0.26,0.28,0.2,0.15,0.21,0.22,0.38,0.18,0.25,0.1,0.61,0.07,0.22,0.21,0.38,0.25,0.27,0.27,0.58,0.13,0.14,0.08,0.36,0.13,0.16,0.21,0.18,0.18,0.07,0.15,0.1,0.16,0.19,0.17,0.15,0.3,0.53,0.97,0.32,0.34,,0.12,0.11,0.14,0.13,0.13,0.05,0.11,0.12,0.1,0.25,0.09,0.08,0.13,0.08,0.07,0.12,,0.1,0.07,0.06,0.08,0.09,0.1,0.11,,0.04,0.05,0.06,0.06,0.07,,0.04,,0.07,0.04,0.05,,,0.13,0.02,0.14,,0.03,0.03,0.04,,,,,,0.04,,0.06,0.05,0.16,0.04,0.05,0.06,,0.02,,0.03,0.03,,0.03,0.03,0.06,0.25,,0.04,,,0.04,0.05,,0.02,0.03,0.1,,,,0.07,0.15,0.03,,0.22,0.05,,0.02,,,0.05,0.08,,,0.03,0.06,0.01,,,,0.02,0.05,0.02,0.01,,0.02,0.04,0.04,0.04,0.06,0.03,0.04,0.04,0.08,0.05,0.06,0.02,0.02,0.04,0.03,0.11,0.08,0.5,0.07,,,0.07,,0.08,0.02,0.02,0.09,,0.07,0.04,,0.04,,0.07,0.02,0.09,0.03,0.03,,0.09,0.04,0.15,0.08,0.09,0.05,0.19,0.06,0.1,,0.04,,0.07,0.08,,0.08,0.04,0.01,0.06,0.01,0.02,,0.01,0.08,0.07,,0.05,0.02,0.06,0.04,0.08,0.06,0.05,,0.09,,0.02,0.06,0.02,,0.03,0.08,0.04,,0.02,0.01,,,,
Wuxishi_320200,0.08,0.1,0.09,0.08,0.06,0.1,0.06,0.05,,0.03,0.12,0.04,0.04,0.07,0.04,0.04,0.07,0.09,0.03,0.04,0.23,0.02,0.07,0.02,0.03,0.02,0.03,0.05,0.03,,,,,,,0.03,0.04,0.16,0.04,,0.07,0.03,0.03,0.05,,0.03,0.02,0.01,,,0.03,,0.06,0.04,,,0.02,0.02,,0.21,0.05,,,0.1,,,0.14,0.09,0.14,,0.04,,3.28,3.07,,1.61,20.85,10.14,5.44,2.74,4.15,7.32,3.8,4.86,10.32,3.48,0.79,0.91,0.53,1.42,2.91,0.75,0.65,0.35,0.84,0.7,0.24,0.59,0.99,1.18,0.62,1.32,0.51,0.83,0.58,0.71,1.92,0.89,0.99,1.61,0.98,0.91,3.08,0.13,0.06,0.07,0.11,0.15,0.05,0.18,0.03,0.2,0.14,0.34,0.06,0.24,0.09,0.2,0.3,0.09,0.12,0.26,0.23,0.08,0.16,0.08,0.29,0.07,0.15,0.18,0.2,0.13,0.11,0.11,0.32,0.09,0.12,0.05,0.3,0.07,0.15,0.19,0.16,0.1,0.08,0.13,0.13,0.1,0.15,0.1,0.1,0.24,0.62,0.84,0.43,0.2,,0.03,0.11,0.1,0.08,0.1,0.03,,0.08,0.07,0.11,0.18,0.17,0.11,0.11,,0.1,,0.04,0.03,0.02,,,0.06,0.07,,,0.04,,0.06,0.06,0.04,,,,,,,,,,0.02,,,,0.02,,,,,,0.03,,,0.05,,0.02,,0.04,,,,,,,0.02,,,0.06,,,,,,,,,,,,,,,,,0.11,0.17,0.03,0.02,0.03,,0.01,0.06,0.07,,0.08,0.03,0.08,0.02,0.09,0.04,0.1,,0.09,,,,0.05,0.03,0.06,0.06,0.08,0.04,0.06,,0.07,0.06,0.04,0.02,0.02,0.02,0.07,0.03,,0.1,0.05,0.03,0.06,,0.06,,,,,,,,0.02,,,0.04,,0.06,0.02,0.05,0.03,0.18,,,0.04,0.03,,,0.02,0.09,0.03,0.06,0.05,,0.04,0.1,0.13,,,0.04,0.01,,,,,,,0.03,,,,0.02,0.03,0.05,,,,,,,,,,0.01,0.01,,,,,,
Xuzhoushi_320300,0.22,0.28,0.18,0.19,0.14,0.43,0.23,0.16,0.13,0.11,0.24,0.13,0.2,0.1,0.09,0.17,0.33,0.23,0.24,0.2,0.24,0.08,0.17,0.08,0.05,0.06,0.04,0.08,0.12,0.09,,0.03,0.08,0.04,0.05,0.1,0.05,0.15,0.05,0.02,0.02,,0.05,0.04,0.02,0.03,0.06,0.02,0.08,0.09,0.04,0.07,0.02,,,,0.04,,0.11,0.09,0.06,,0.14,,0.12,,0.1,0.09,0.14,,0.04,,1.21,4.48,2.11,,2.84,3.09,2.34,8.22,3.79,2.25,2.5,1.71,1.59,19.59,0.42,0.61,0.4,0.47,0.45,0.29,0.32,0.15,0.23,0.32,0.09,0.51,0.45,1.62,0.52,0.41,6.97,0.24,0.41,0.31,1.08,0.65,23.18,0.28,1.02,0.23,0.25,0.07,0.03,,,0.07,0.03,0.11,0.06,0.06,0.11,0.06,,0.21,,0.11,0.14,0.08,0.12,0.09,0.09,0.55,0.57,0.26,12.82,0.24,0.41,0.46,6.04,0.77,0.33,0.94,5.38,0.28,0.52,0.21,2.56,0.19,0.3,0.28,0.13,0.21,0.13,0.17,0.2,0.33,0.17,0.13,0.17,0.26,2.52,0.22,0.32,0.21,0.2,0.04,0.04,,0.07,0.13,0.03,,0.04,0.04,,0.05,0.05,,0.04,,,,0.04,,0.02,,,0.07,0.05,,,,0.04,,0.03,,,0.03,,,,,,,,,,,,,,,,,0.03,,,,,0.06,,,0.04,0.01,,,,,,0.03,0.03,,,,,,,0.02,,,,,,0.02,,,0.03,0.05,0.03,,,0.03,0.01,,0.02,0.01,0.02,0.06,,0.02,0.03,,0.03,,,,,0.03,0.02,,0.01,0.03,,,,,,,,,,,,0.01,,,0.02,0.04,,,,,,,0.05,,,0.04,,0.03,,,0.04,,0.12,0.06,0.16,0.06,0.07,0.11,0.08,0.1,0.07,0.05,0.06,,0.03,0.07,0.1,0.03,0.09,0.13,0.1,0.09,0.02,,0.06,0.01,0.06,0.03,,,0.09,,0.07,0.06,0.03,0.04,0.03,0.08,0.03,0.06,,0.08,0.24,0.04,,0.05,0.17,,0.03,0.1,0.05,0.02,0.02,0.01,,,,
Changzhoushi_320400,,0.08,0.05,0.05,,,0.05,0.06,0.03,,0.06,,0.07,0.02,0.02,0.04,0.07,0.06,,,0.12,0.02,,,,0.02,,0.04,,,,,,,,0.09,,0.08,0.04,,,0.04,,0.02,,0.01,0.02,,,0.05,0.02,0.03,,,0.04,,,,,0.11,0.05,,0.07,,,,,,,,0.04,,1.84,4.14,14.62,1.46,,2.96,2.69,2.7,3.33,3.45,3.82,17.86,5.71,2.86,0.55,0.58,0.36,0.72,1.56,0.41,0.36,0.28,0.44,0.46,0.15,0.48,1.11,1.0,0.52,1.44,0.4,1.31,0.77,0.49,1.41,0.98,0.77,1.11,0.96,1.18,6.06,0.07,,0.13,0.07,,0.04,0.07,,0.12,0.08,0.32,0.04,0.21,0.04,0.1,0.12,0.09,0.07,0.16,0.14,0.06,0.11,0.07,0.26,0.05,0.1,0.1,0.12,0.07,0.1,0.11,0.27,0.06,0.07,0.05,0.16,0.05,0.07,0.07,0.07,0.08,0.08,0.07,0.06,,0.09,,0.08,0.14,0.4,0.57,0.23,0.13,,,,0.12,0.07,0.1,,,,0.05,0.07,0.14,0.1,0.07,0.21,0.07,0.08,,,0.03,,,,,,,,,,,,,,,,,,,,,0.02,,,,,,,,,,,,,,0.03,,,,,,,,,,,,,0.02,,,,,,,,,,0.03,,0.02,,,,,,,,,0.03,0.02,,0.02,0.03,0.04,,,0.03,,0.04,0.04,0.02,,0.01,0.18,,,,,,0.03,,0.04,0.02,,,,0.07,,0.03,,,0.1,0.02,0.05,0.03,,,,,0.03,,,0.02,,0.03,,,,,,,,,,0.04,,0.08,,0.07,0.05,,0.02,,0.02,,,0.04,0.04,0.02,0.04,,0.06,0.04,,0.02,,,,,,,,0.03,,,0.01,,,,,,,,,,,,0.05,,0.0,,0.05,,0.29,,
Suzhoushi_320500,0.16,0.2,0.11,0.13,0.1,0.19,0.15,0.08,0.04,0.04,0.15,0.06,0.04,0.05,0.05,0.1,0.2,0.18,0.01,0.06,0.45,0.05,0.2,0.04,0.05,0.07,,0.04,0.04,,0.1,0.03,0.07,0.04,0.03,,0.08,0.28,0.06,0.04,0.13,0.03,0.05,0.03,,0.05,0.02,0.05,,0.09,0.07,0.11,0.03,0.07,0.07,0.07,,0.11,0.18,0.25,0.27,0.15,0.07,0.03,0.21,,0.08,0.09,0.21,0.19,0.11,,14.21,3.33,18.54,3.25,7.17,,13.74,5.19,5.76,10.85,4.82,5.02,8.21,4.84,2.03,2.57,1.17,8.56,9.8,1.91,1.42,0.92,2.14,1.59,0.66,1.01,1.69,1.9,1.35,1.63,0.89,2.01,1.82,1.37,2.58,1.6,2.38,2.92,2.03,1.65,2.42,0.27,0.11,0.33,0.25,0.24,0.21,0.39,0.08,0.59,0.29,0.53,0.24,0.74,0.15,0.67,0.33,0.3,0.31,0.66,0.59,0.14,0.29,0.17,0.94,0.11,0.27,0.28,0.32,0.21,0.32,0.18,0.69,0.14,0.19,0.12,0.63,0.15,0.5,0.49,0.74,0.2,0.21,0.28,0.2,0.46,0.31,0.24,0.56,0.63,1.76,2.55,0.68,0.53,,0.09,0.29,0.31,0.15,0.25,0.06,0.21,0.19,0.22,0.57,0.5,0.2,0.23,0.13,0.15,0.2,0.06,0.09,0.12,0.03,0.13,0.17,0.15,0.08,,0.07,0.1,0.11,0.07,0.12,0.13,0.07,0.06,0.09,0.04,0.06,0.05,0.02,0.04,0.03,0.02,0.03,0.02,0.03,0.02,0.02,0.03,0.07,0.03,,0.06,0.01,0.05,0.05,0.09,0.02,,0.05,0.01,0.03,0.03,,0.04,,0.01,0.02,0.02,0.17,,0.03,,,0.02,,0.07,,0.03,,,0.14,0.03,0.05,,,,0.26,0.07,0.09,,0.04,0.02,0.12,0.15,0.05,0.04,0.03,0.11,0.04,0.09,0.05,0.21,0.04,0.12,0.04,,,0.04,0.07,0.09,0.13,0.09,0.09,0.13,0.09,0.06,0.05,0.07,0.09,0.06,0.05,0.05,0.05,,0.1,0.07,0.03,0.07,0.09,0.09,0.21,,0.02,0.06,0.03,0.11,0.04,,,,0.09,0.05,0.18,0.06,0.16,0.04,0.24,,0.38,0.07,0.09,,0.07,0.1,0.39,0.08,0.07,0.2,0.07,0.28,0.29,0.23,0.03,0.01,0.04,0.01,,,,,0.07,,0.05,,0.03,0.05,0.04,0.07,0.02,0.02,,0.01,,0.03,0.04,0.02,0.03,0.05,0.05,0.0,,0.04,,,,
Nantongshi_320600,0.11,0.08,0.07,0.09,0.06,0.08,0.07,0.05,0.04,,0.09,0.05,0.07,0.06,0.03,,0.05,,,0.03,,0.02,0.09,,0.05,0.04,,0.05,,,0.13,0.03,,0.03,,,0.03,0.11,0.02,0.03,,0.06,0.06,,,0.03,0.03,,,0.04,0.04,0.02,0.02,,0.18,0.02,0.02,,0.04,,0.08,0.22,,0.03,0.08,,,,,,0.03,,8.3,4.33,4.62,1.44,2.92,7.7,,2.43,2.07,11.19,3.48,2.69,10.7,1.61,0.64,0.73,0.52,1.04,0.94,0.54,0.41,0.16,1.36,0.55,0.15,0.28,0.5,0.82,0.28,0.48,0.3,0.3,0.28,0.26,0.7,0.31,0.85,0.33,0.5,0.37,0.49,0.1,0.03,0.06,0.04,,,0.17,0.06,0.16,0.08,0.14,0.06,0.22,,0.14,0.11,0.08,,0.13,0.21,0.09,0.25,0.07,0.39,0.11,0.15,0.2,0.16,0.14,0.17,0.15,0.45,0.09,0.09,0.1,0.25,0.06,0.06,0.09,0.12,0.06,0.03,0.1,0.11,0.08,0.06,0.07,0.08,,0.61,0.19,0.15,0.08,0.06,0.02,,0.08,,,0.05,0.07,,0.06,0.1,0.11,,,0.04,0.02,0.08,,0.03,,0.03,0.04,0.04,0.05,,,0.02,,0.04,0.05,0.03,,,,,0.04,0.06,,,,,,,,,,0.05,,,,0.02,,,0.03,,0.06,0.02,0.09,,,,,,,,,,,0.08,,0.05,,0.06,0.04,0.07,,0.02,,,,,,,0.07,0.03,,,,,,,,,,0.02,,0.02,,0.01,,,,,,,,,,0.02,0.03,0.04,0.02,,,,0.05,0.03,0.03,0.03,,,,,0.02,,,,,,0.03,0.07,,0.04,,0.03,0.03,0.04,0.05,,,,,0.03,0.02,,,,,0.07,0.02,,,0.03,,,0.03,,,,,,0.05,0.03,,,,,,,,0.07,,0.02,,0.02,,,0.06,0.01,,0.07,0.01,,0.03,0.02,,,,,0.0,0.04,0.02,,,,
Lianyungangshi_320700,0.08,0.1,0.05,0.1,0.07,0.12,0.05,0.04,0.04,0.02,0.1,0.04,0.05,,0.03,0.03,0.09,0.26,,0.03,0.19,,0.17,,0.03,,,0.05,,,,,,,0.03,0.03,,0.1,0.05,0.02,0.02,0.07,0.03,0.05,0.03,0.01,,,0.03,0.05,0.02,,0.01,0.04,0.04,,0.02,0.01,0.11,,0.05,0.07,,,,,0.08,,,0.04,,,0.61,2.2,1.5,4.86,1.83,2.0,1.89,,7.0,7.54,2.09,1.09,1.33,8.31,0.23,0.55,,0.24,0.2,0.19,0.11,0.1,0.37,0.29,0.09,0.11,0.17,0.32,0.18,0.18,0.52,0.06,0.1,0.14,0.37,0.17,0.69,0.07,0.31,0.07,0.18,,,0.06,,,,,,0.06,,0.06,,,,,,,,,0.06,0.16,1.37,0.18,0.77,0.31,0.43,0.51,0.3,0.19,0.45,4.72,5.62,0.06,0.15,0.15,0.22,0.07,0.1,0.12,0.04,0.18,0.07,0.08,0.14,0.08,,0.07,,,0.48,,0.13,0.09,0.09,,,,,,0.01,,,,,,,,,,,,,,,,,,,,,,,,,,,,,,,,,,,,,,0.03,,,,,,,,,,,,,,0.04,,0.02,,,,,,,,,,,,,0.02,,,,,,,0.04,0.06,,,,,,,,,,,,,,,,,,0.02,,,,,,,,,,0.03,,,,,,,,,,0.02,,,,,,,,,,,,0.02,,,,,,,,,,,,,,,,0.05,,,0.03,,,,0.08,,,,0.04,,,,,,,,,,,,,,,0.01,0.01,,,,,,,,,,,,,,0.02,,,,,,,
Huaianshi_320800,,,,,0.04,0.06,0.04,,,,0.04,,,,,,,0.1,,,,0.05,,,,,,0.05,,,0.06,,,,,,,,,,,,,,,0.02,,,,,,,,,,,,,,,,,0.07,,,,,,,,,,1.15,5.98,2.82,2.03,2.58,2.74,1.89,7.78,,5.93,8.03,3.6,1.99,15.15,0.22,0.28,0.12,0.35,0.32,0.15,0.17,,0.2,0.16,0.07,0.21,0.38,1.02,0.18,0.51,0.23,0.08,0.17,0.1,3.63,0.22,0.51,0.13,0.2,0.1,0.25,,,,,,,0.06,,,,0.05,,0.09,,,,,,,,0.09,0.19,0.07,0.26,0.06,0.08,0.15,0.18,0.1,0.07,0.35,0.39,0.06,0.1,0.05,0.09,0.04,0.05,,,0.06,0.04,,,0.12,,,,,0.2,0.08,,,,,,,,,,,,,,,,,,0.05,,,,,,,,,,,,,,,,,,,,,,,,,,,,0.02,,,,,,,0.03,,,,,,,,,,,,,,,,,,,,,,,,,,,,,,0.09,,,,,,,,,,,,,,,,,,,,,,,,,,,,,,,,,,,,,,,,0.02,,,,0.03,,,,,,,0.02,,,,,,0.02,,,,,,,,,,,,,,0.02,,,,,,,0.04,,,,,,,,,,,,,,,,,,,,0.01,,,,,,,,,,,,,,,,,
Yanchengshi_320900,0.1,0.15,0.05,0.07,0.08,0.07,0.04,0.05,0.04,0.06,0.14,,,,,0.13,0.08,0.18,0.03,,0.1,,0.06,,,,,0.05,,,0.16,,0.02,0.01,0.04,,0.03,0.06,0.02,0.03,0.03,,0.04,0.02,0.02,0.06,,,0.03,0.04,0.03,,0.02,,0.09,,0.02,0.01,0.11,,0.05,0.07,,0.1,0.04,,0.04,,0.14,,0.05,,3.27,4.37,6.61,1.57,3.82,6.2,10.59,10.34,7.25,,4.92,2.76,12.0,2.89,0.36,0.43,0.22,0.77,0.56,0.26,0.19,0.13,0.54,0.42,0.1,0.19,0.32,0.32,0.13,0.29,0.31,0.16,0.2,0.12,0.47,0.15,0.35,0.13,0.17,0.37,0.27,0.07,,0.1,0.04,,,0.08,,0.08,,0.15,,0.13,,0.08,,0.05,0.07,0.11,0.13,0.1,0.35,0.18,0.23,0.23,0.2,0.28,0.15,0.11,0.35,0.33,0.55,0.11,0.09,0.1,0.11,0.05,0.05,0.1,,0.05,0.04,0.05,0.06,0.08,,,,,0.18,,,0.08,,,,,,,0.02,,,0.05,,0.05,0.05,,0.06,0.04,,,,,,,,0.04,,,,,,,,,,,,,,,,,,0.07,,,,,,,,,,,,,,,,,,,0.01,,,,,,,,,,,,,,,,,,,,,,,,,,,,,,,0.01,,,,,,,,,,,,,,,0.01,0.03,,,,,,,,,,,,,,,0.02,,0.03,,,,,,,0.02,,,,,,,,,,0.06,,,,,,,,,,,,0.03,0.08,,,,0.04,,0.04,,,0.02,,,0.02,,0.04,,,0.08,,0.02,,,,,,,,,,,,,,,,,,,0.02,,0.01,
Yangzhoushi_321000,0.07,0.11,0.05,0.05,0.09,0.19,0.06,,,,0.07,0.04,0.04,0.05,,,0.06,0.07,,,,,0.05,0.02,,0.05,,0.04,,,,,,0.03,,0.03,,0.09,0.02,,,,,,,,,,0.04,0.06,,,,,,,0.02,0.02,0.04,,0.05,0.07,,,,0.06,0.02,,0.07,,0.03,0.24,1.89,6.02,2.44,1.5,2.9,2.21,3.1,2.22,8.87,3.82,,6.89,15.18,2.8,0.31,0.31,0.19,0.32,0.45,0.17,0.17,0.11,0.38,0.18,0.09,0.35,0.68,0.9,0.41,0.74,0.16,0.28,0.36,0.18,5.29,0.32,0.43,0.25,0.34,0.35,0.36,,,,,,0.05,0.09,,,0.1,0.2,,0.13,0.07,,,,,0.06,0.09,0.07,0.19,0.05,0.25,0.06,0.14,0.14,0.15,0.07,0.12,0.19,0.33,0.07,0.05,0.06,0.12,0.05,0.04,0.12,0.05,,0.04,0.07,,0.11,0.06,,,,0.22,0.1,,,0.09,,,,0.06,,,,,,,,,,,,,,,,,,,0.05,,0.04,,,,,,,,,,,,,,,,,,,,,,,,,,,,,,,,,,,0.01,,0.01,,,,,,,,0.05,,0.04,,0.03,,,0.03,,,,,0.03,,,,,,,,,,,,,,,,,,0.04,,,,,,,,,,,,,,,,,,0.02,,0.02,,0.03,0.02,0.07,0.01,,,,0.05,,0.05,,,,,0.04,,0.04,,,,,,,,,,,,0.04,,,0.05,,,,,0.03,,,,,,,,,0.02,,,,,0.03,0.01,,,0.02,,,,,,,,,,,0.05,,,,,,0.11,,
Zhenjiangshi_321100,,,,,0.04,,,,,,,,,,,,,,,0.03,,,,,,,,,0.04,,0.06,,,0.01,,,0.02,,,,,,0.03,0.02,,,,,,,,,,0.02,,,,,,0.11,0.11,,,,,,,,,,,,0.9,9.7,2.38,0.8,11.05,1.57,1.74,1.07,3.03,1.58,6.64,,3.4,1.66,0.23,0.24,0.15,0.34,0.55,0.15,0.13,0.1,0.32,0.27,0.07,0.23,0.78,0.68,0.33,1.01,0.18,0.39,0.42,0.27,1.75,0.28,0.45,0.34,0.38,0.4,0.68,,,0.06,,,0.04,,,0.08,,0.1,,0.17,0.07,0.13,,,0.07,,,0.03,0.08,,0.17,0.04,0.04,0.06,0.08,0.07,,0.07,0.17,,0.07,0.03,0.12,,,,0.05,,,,,0.07,0.07,0.05,,,0.11,0.11,0.07,0.08,,,,,0.06,,0.03,,,,0.06,0.08,,0.06,0.06,,0.05,,,0.03,,,,,,0.04,,,,,,,,,,,,,,,,,,,,,,,,,,,,,,,,,,,0.02,,,,,,,,,,,,,,,,,,0.04,,,,,0.05,,,,,0.01,,,,,,,,,,,,0.02,,,,,,,,,,,,,,,,,,,,,,,,0.03,,,,,,,,0.02,,,,,,,,,,,,,,,,,,,,,,,,,,,,,,,,,,,,,,,,,,,,0.01,,,,,,,,,,,,0.02,,,,,,,
Taizhoushi_321200,,0.13,0.05,0.05,,0.07,,,,,0.08,0.03,0.04,,,0.02,,,,,,,0.06,,,,,,,,,,,,0.03,,,0.07,,0.02,,,0.06,0.05,,0.02,,0.02,,,,0.02,,0.01,0.03,,0.01,,0.04,0.07,,0.07,,,0.07,,,,,,0.05,0.24,2.27,3.5,7.31,0.77,4.88,3.95,9.21,1.22,2.05,13.73,18.43,4.39,,1.17,0.36,0.32,0.2,0.61,0.57,0.21,0.15,0.13,0.35,0.19,0.08,0.16,0.41,0.31,0.17,0.38,0.13,0.2,0.17,0.15,0.57,0.19,0.32,0.15,0.22,0.2,0.44,,,,,,0.03,0.12,0.02,0.08,0.06,0.14,,0.18,,0.09,0.07,,,,0.11,0.04,0.09,0.08,0.16,0.05,0.08,0.07,0.08,0.09,0.14,0.08,0.21,,0.09,0.04,0.11,0.04,0.04,0.08,,,0.04,0.05,0.07,0.04,0.05,,,,0.09,0.12,0.08,0.08,0.04,0.03,,,,,0.02,0.04,,0.12,,0.08,,0.08,0.08,,,,,,0.02,,,,,,,,,,,0.04,,,,0.04,,,,,,,,0.02,,,,,,,,,,,,,,,,,,,,,,,,,,,,,,,,,,0.03,0.04,,,,,,0.03,,,,,,,,,0.03,,,,,,,,,,,,,,,0.02,,,,,,,,,0.03,,0.03,,,,,,,,,,,,,,,,,,,,,,,,,,,,,,,0.03,,0.01,,,,0.09,,,0.04,,,,0.04,,0.0,,,,,,,0.04,0.01,,,,,0.01,,,,,,,,,,,,,,,,,
Suqianshi_321300,,0.09,0.05,,,0.08,0.07,,0.03,,0.06,0.04,,,,0.05,0.09,0.05,0.03,,0.07,0.02,,,0.03,,,0.05,0.04,,,,,0.03,,,,,,,,,,,0.04,,,,0.03,0.06,,,,0.01,0.02,0.05,,,0.04,,0.06,,,,,,0.04,,,,,,1.31,5.11,2.61,11.88,3.01,3.0,1.64,10.0,18.5,2.54,2.9,2.31,1.42,,0.45,0.29,0.18,0.38,0.45,0.24,0.26,0.15,0.17,0.2,0.12,0.21,0.28,1.43,0.28,0.49,0.51,0.13,0.13,0.14,1.19,0.19,3.13,0.24,0.4,0.15,0.27,,,,0.04,,,0.09,,,,0.08,,,,,0.06,0.05,0.08,,0.05,0.09,0.18,0.12,0.69,0.07,0.12,0.19,0.25,0.2,0.16,0.48,1.22,0.16,0.11,0.09,0.25,0.05,0.11,,0.05,0.06,0.05,0.07,,0.1,0.06,,,,0.36,0.1,0.1,,,,,,,,,,,0.05,,,,,,,,,,,,0.05,,,,,0.02,,,,,,,,,,,,,,,,,,,,,,,,,,,,,,,,,,,,,,,,0.02,,,,,,,,,,,,,,,0.03,,,,,,,,,,,,,,,,,,,,,0.01,,,,,,,,,,,,,,,,,,0.01,,,,0.04,,,,,,,,,,0.03,,,,,,,,,,,,,,,0.03,,,,,0.05,,,,,,,,,,,,,,,,,,,,,0.01,,,,,,,,0.03,0.04,,,0.02,,,,,,,,
Hangzhoushi_330100,0.24,0.16,0.15,0.14,0.1,0.14,0.11,0.09,0.09,0.05,0.12,0.06,0.11,0.14,0.12,0.05,0.17,0.07,0.07,0.1,0.22,0.05,0.17,0.05,0.09,0.06,0.06,0.07,,,0.6,0.03,0.01,0.24,0.02,0.07,0.1,0.27,0.05,0.05,0.08,0.2,0.05,0.06,0.08,0.07,0.06,0.05,0.07,0.05,0.06,0.09,0.03,0.02,0.05,0.1,0.04,0.06,0.11,0.56,0.37,0.45,0.21,0.1,0.14,0.12,0.06,,0.43,0.09,0.15,0.24,4.8,0.98,1.38,0.63,1.19,2.02,1.56,0.62,0.58,0.76,0.72,0.75,0.85,0.78,,10.37,8.21,26.89,26.56,33.06,15.97,24.14,8.14,9.2,11.57,0.77,1.71,1.16,0.65,0.97,0.71,1.33,2.12,15.03,0.79,2.06,1.27,1.41,1.46,2.47,6.84,0.44,0.26,0.43,0.43,0.45,0.14,1.21,0.26,0.93,0.78,2.51,0.44,1.78,0.47,1.66,0.62,0.66,0.66,1.97,6.19,0.12,0.24,0.07,0.47,0.1,0.25,0.22,0.22,0.16,0.23,0.15,0.43,0.09,0.15,0.07,0.28,0.18,0.29,0.3,0.25,0.1,0.09,0.13,0.2,0.17,0.19,0.19,0.23,0.81,0.75,2.78,0.77,0.48,0.1,0.13,0.5,0.22,0.18,0.52,0.07,0.18,0.15,0.25,0.8,0.59,0.33,0.35,0.16,0.25,0.13,,0.16,0.17,0.1,0.23,0.16,0.13,0.16,0.14,0.09,0.11,0.22,0.61,0.16,0.31,0.11,0.03,0.16,0.09,0.1,0.06,0.04,0.06,0.04,,0.03,,0.06,0.05,0.03,0.04,0.08,0.07,0.1,0.1,0.05,0.09,0.09,0.29,0.08,0.04,0.08,0.03,0.03,0.03,0.03,,0.06,0.04,,0.11,0.43,,0.06,0.04,0.1,0.09,,0.07,,0.03,,,0.04,,0.05,0.26,0.03,,0.36,0.1,0.09,0.04,0.05,0.02,0.06,0.04,0.05,0.04,0.07,0.1,0.02,0.14,0.09,0.16,0.03,0.05,0.02,0.0,0.05,0.06,0.07,0.2,0.18,0.15,0.13,0.17,0.16,0.35,0.18,0.12,0.12,0.04,0.09,0.16,0.14,0.05,0.09,0.03,0.07,0.2,0.44,0.07,0.08,0.07,0.02,0.02,0.06,0.07,0.04,0.07,,0.26,0.1,0.04,0.09,0.07,0.06,0.03,0.37,0.04,0.33,0.14,0.13,0.05,0.11,0.07,0.13,0.1,0.12,0.08,0.14,0.09,0.16,0.23,0.06,,0.09,0.03,,0.02,0.01,,,,0.06,0.02,0.03,0.01,0.02,0.13,0.11,,0.09,0.01,,,0.08,,,,0.01,0.01,0.06,0.05,,0.05,,
Ningboshi_330200,,,0.05,,0.05,,,0.04,,0.02,0.07,,0.06,0.02,,0.03,,,,,,,,,,0.03,0.03,,0.03,,0.06,,,,0.02,0.02,0.04,0.11,,0.05,0.04,0.05,0.04,0.05,0.02,0.01,,,0.04,,0.02,0.07,0.01,0.01,0.06,,0.02,0.02,0.16,0.07,0.2,0.07,0.14,0.06,0.07,0.12,0.08,,0.28,,0.04,,2.48,0.35,0.61,0.36,0.56,1.06,0.85,0.76,0.28,0.45,0.33,0.39,0.45,0.28,5.09,,4.31,4.3,2.72,13.24,5.17,3.41,35.0,17.52,3.45,0.32,0.41,0.92,0.39,0.26,0.49,0.37,0.89,1.18,0.55,1.36,0.85,0.42,1.06,0.43,0.84,0.25,0.09,0.2,0.12,0.22,0.1,0.29,0.07,0.85,0.26,0.74,0.14,0.75,0.19,0.33,0.29,0.35,0.3,0.6,2.06,0.05,0.07,0.04,0.14,,0.1,0.11,0.11,0.08,0.2,0.04,0.24,0.03,0.07,,0.18,0.05,0.11,0.11,0.12,0.05,0.08,0.09,0.08,0.09,0.1,0.1,0.13,0.4,0.86,0.41,0.4,0.23,0.04,0.04,0.13,0.26,0.07,0.19,0.03,0.13,0.09,0.12,0.24,0.17,0.13,0.35,0.12,0.1,,,0.06,0.1,0.03,0.09,0.07,0.1,0.08,0.12,0.08,0.05,0.14,0.09,0.05,0.57,0.04,,0.06,0.04,0.09,0.03,0.03,,0.03,,,,,,,,0.05,0.03,0.03,0.02,,0.04,0.03,0.1,0.04,,0.04,,0.02,,,,0.04,0.02,,,0.09,,0.09,,0.16,0.04,0.05,0.03,,,0.12,,0.14,0.06,,,,0.03,0.19,0.04,0.05,,0.07,0.02,0.09,0.18,0.03,0.02,0.04,0.07,0.02,0.21,0.03,0.16,0.02,0.17,,0.0,,,0.1,0.13,0.15,0.15,0.27,0.19,0.18,0.17,0.21,0.03,0.08,,,0.17,0.07,0.03,0.06,,0.03,0.06,0.06,0.03,0.04,,,,,,,,,,,,,0.03,0.03,,0.09,,0.32,0.13,0.04,,,0.02,0.07,,0.09,0.03,,,,0.06,,,0.02,,,,,,,,,,,,,0.02,0.01,,,,,,,,,,0.02,,,,,,,
Wenzhoushi_330300,,,0.05,,0.06,,,,0.03,,,,,0.03,0.02,0.05,0.08,0.08,0.03,,,0.05,,,0.03,,,,,,,,,,0.02,,0.04,0.11,0.02,,,0.11,,,,0.01,0.02,0.01,,,0.05,0.04,,0.05,,,,,,0.07,,,0.07,,0.07,,,,,0.04,0.06,,0.75,0.16,0.26,0.16,0.23,0.36,0.36,0.16,0.17,0.2,0.18,0.18,0.21,0.19,2.92,2.96,,1.32,0.87,2.13,5.69,2.96,2.49,16.46,23.41,0.11,0.21,0.33,0.12,0.15,0.11,0.2,0.47,0.64,0.23,0.55,0.32,0.18,0.48,0.68,0.34,0.92,0.22,0.76,0.44,0.79,0.3,1.48,0.28,14.19,0.29,1.02,0.28,1.05,0.55,0.88,0.32,0.37,0.61,1.26,2.91,0.05,0.05,,0.09,,0.08,0.07,0.05,,0.08,0.03,0.09,0.04,,0.03,0.06,0.03,0.05,0.08,0.13,,,0.05,,0.07,,0.07,,0.25,0.21,0.41,0.33,0.18,,0.04,0.75,0.14,0.28,0.25,0.04,0.13,0.05,0.12,0.53,0.42,0.21,0.89,0.12,0.08,0.09,,0.05,0.14,0.02,0.11,0.09,0.08,0.12,0.18,0.04,0.17,0.13,0.34,0.06,0.36,0.06,0.03,0.05,,0.12,0.05,0.05,0.05,,,0.04,,0.06,0.03,0.08,0.03,0.06,0.05,0.14,0.06,,0.04,0.04,0.07,0.05,0.06,0.05,0.05,,0.02,0.04,0.07,0.04,0.02,0.03,,0.08,,0.03,,,,0.03,,0.02,,,0.02,,,,0.11,,,0.28,0.04,0.06,,0.03,0.02,0.02,,0.05,0.02,0.03,0.07,0.02,0.14,0.1,0.12,0.02,0.1,0.03,,,0.03,0.1,0.2,0.33,0.3,0.21,0.32,0.32,0.37,0.12,0.05,0.03,0.03,0.02,0.18,0.07,,0.15,,0.03,0.05,0.07,,0.05,,,0.03,,,,0.02,0.04,,,0.04,,,0.03,,,,,0.02,0.03,,,,0.04,,,0.09,,,,,0.03,,,,,,,,,,,,,,,0.03,0.03,0.02,,,,,0.04,,,,,,,,,,,
Jiaxingshi_330400,,,,,,,0.07,0.05,,,,,0.07,,,,,,,,,,,,,,,,0.05,,0.13,,,,,,,0.06,0.02,,,,,0.02,,0.02,,,,0.04,,,,0.05,,,,,0.04,0.13,0.11,,,,0.14,,0.04,,0.07,0.04,0.03,,4.42,0.32,0.84,0.25,0.68,3.02,1.1,0.27,0.38,0.61,0.33,0.43,0.66,0.32,10.11,4.42,1.76,,9.89,4.33,2.5,1.8,2.8,2.14,1.53,0.18,0.48,0.49,0.24,0.28,0.23,0.55,0.59,1.04,0.35,0.64,0.49,0.49,0.5,0.98,1.31,0.13,0.06,0.13,0.1,0.11,0.08,0.38,0.03,0.32,0.17,0.49,0.1,0.44,0.07,0.29,0.28,0.21,0.17,0.53,0.93,,0.07,0.04,0.19,,0.05,0.1,0.07,0.04,0.07,,0.25,0.03,,0.03,0.08,,0.06,0.09,0.06,,,0.05,,0.05,0.07,,,0.16,0.4,0.81,0.29,0.14,0.06,,0.04,,0.06,0.09,0.03,0.06,0.06,0.08,0.22,0.15,,,0.07,0.05,0.05,,0.03,0.03,0.05,0.07,0.07,0.05,0.05,,0.04,0.05,0.11,0.09,0.06,0.14,,,,,,,,0.05,,0.02,,,,,,,,,,,,,0.04,0.06,0.03,,,,,,,,,0.02,0.1,0.03,,,0.03,,,,,,0.02,,,0.02,,,,,,,0.13,0.03,0.05,,0.03,,,0.09,0.02,0.03,0.02,0.03,,0.21,0.05,0.09,,0.05,0.1,0.03,0.01,0.05,,0.07,0.05,0.02,0.07,0.16,0.06,0.11,,0.04,0.04,0.02,0.02,0.24,,0.03,0.14,0.02,0.04,0.35,0.17,,,,,,,,0.04,,,,,,,,,,,,0.12,0.04,,,,,0.08,0.07,,,,,0.04,0.05,,,,0.01,,,,0.17,,,,,,,0.02,,,0.02,0.04,,,0.05,,,0.02,,,,,,,,,
Huzhoushi_330500,,,,,,0.06,,,,,,,0.05,,,,,,,,,,,,,,,,,,,,,,,,,,,0.02,0.01,,,,0.02,,,,,,,,,,,,,,,,,,,0.03,,,,,0.07,,,,2.6,0.55,1.57,0.22,1.14,2.31,0.56,0.2,0.27,0.37,0.39,0.52,0.73,0.35,9.57,2.05,1.04,8.05,,2.42,1.74,1.43,1.17,1.21,0.85,0.31,0.9,0.55,0.22,0.49,0.15,0.67,1.64,4.07,0.4,0.62,0.28,0.36,0.47,0.58,14.47,0.08,,,0.09,0.08,,0.15,,0.13,0.11,0.26,0.09,0.19,0.18,0.28,0.08,0.09,0.09,0.27,0.55,,0.06,0.03,0.11,,0.04,0.05,0.06,,0.07,0.03,0.23,,,,0.13,,0.06,,,0.05,,0.07,,0.05,,0.06,,0.18,0.23,0.7,0.17,0.17,0.06,,0.06,,,0.07,0.02,,,0.04,0.11,0.14,0.08,,0.13,0.08,,,,0.08,,,,,,,0.02,,,,,0.09,,,,,,,,,,,,,,,,,,,,,,,,,,,,0.01,,,,,,,,,,,,,,,,,,,,,0.04,0.03,,0.07,,,,,,,,,0.02,,0.03,,,,,,,,,,,,,,,0.05,,,0.1,0.04,,0.06,0.06,,,0.01,,0.05,0.03,,,,,0.35,,,,,,,,0.07,,,,,,,,,,,,,,,,,,,,,,,,,,,,,,,,,,,,,,,,,,,,,,,,,,,0.02,,0.02,,,,,,,
Shaoxingshi_330600,,,,,,,,,,,,,,,,,,0.05,,,,,,,,,,,,,,,,,,,,,,,,0.04,,,,0.02,,,0.02,,,,,0.04,,0.02,,,0.09,,,,,,,,0.02,0.09,,,0.07,,1.82,0.19,0.37,0.18,0.27,0.57,0.46,0.14,0.17,0.18,0.19,0.18,0.17,0.16,13.07,11.39,2.26,3.79,2.86,,7.48,3.19,3.36,4.04,2.59,0.12,0.26,0.38,0.11,0.19,0.09,0.22,0.32,0.87,0.21,0.6,0.2,0.2,0.32,0.33,0.58,0.14,0.05,,0.15,0.12,0.05,0.47,0.03,0.23,0.16,0.73,0.11,0.23,0.05,0.55,0.12,0.21,0.15,0.35,1.0,,,,0.09,,0.05,0.05,,0.03,,,0.11,,,,0.11,0.04,0.06,,0.09,,,,0.07,,0.05,,,0.21,0.11,0.41,0.15,0.17,,0.03,,0.07,0.08,0.11,0.03,,0.06,0.05,0.08,0.07,0.06,0.24,0.12,0.04,0.16,,0.03,0.06,0.03,0.09,0.09,0.05,,0.07,0.03,0.06,0.09,0.14,0.03,0.08,,,,0.04,,,,,,,,,,,,,,,,0.02,,,0.05,,,,,,,0.01,0.03,,,0.01,,0.02,0.07,,,,,,,,0.02,,0.02,,,,0.03,,,,0.09,,,,,,0.02,,,0.01,,0.05,,0.06,0.02,0.05,,,,,,,,0.3,0.04,0.09,0.07,0.07,0.08,0.15,0.1,,0.04,,,0.06,0.03,0.02,0.06,,,,0.07,0.03,0.07,,,,,,,,,,,,,,0.03,,,,,,0.03,,,,,,,,0.03,,,,0.03,,,0.01,,,,,,,,,0.02,,,0.02,,,,,,,,0.02,,,0.01,,,,,,,
Jinhuashi_330700,,,0.07,,,0.06,0.06,0.1,,,0.07,,0.04,0.04,0.02,,0.06,,,0.03,0.1,,0.05,0.02,,,,,,,,,,0.06,,,0.03,,0.02,,,,,0.05,0.03,,0.02,0.02,0.03,0.06,0.04,0.02,0.02,,,,0.02,,,0.18,,0.07,,0.06,0.05,,0.06,,0.28,,0.03,,1.1,0.24,0.39,0.22,0.33,0.62,0.5,0.19,0.15,0.22,0.19,0.22,0.27,0.25,9.02,5.38,7.74,2.8,2.69,9.58,,21.96,2.79,8.85,25.1,0.21,0.31,0.46,0.16,0.2,0.22,0.25,0.53,2.64,0.4,0.53,0.28,0.19,0.6,0.62,0.64,0.29,0.1,0.35,0.39,0.32,0.18,1.78,0.2,1.06,0.51,3.94,0.34,0.76,0.53,3.49,0.6,0.84,0.71,1.41,8.5,0.03,0.05,0.04,0.14,0.02,0.06,0.11,0.08,0.04,0.11,0.06,0.2,0.06,0.07,0.03,0.13,0.06,0.1,0.13,0.11,0.06,0.09,0.07,0.11,0.11,0.09,0.16,0.05,0.25,0.69,0.49,0.52,0.16,,0.06,0.2,0.14,0.12,0.21,0.08,0.19,0.09,0.07,0.28,0.4,0.11,0.5,0.11,0.04,0.05,,0.07,0.06,0.07,0.13,0.25,0.09,0.1,0.2,0.04,0.11,0.17,0.51,0.11,0.27,0.05,0.09,0.05,,0.11,0.04,0.03,0.04,,,0.03,0.05,0.03,0.02,0.05,0.03,0.05,0.04,0.07,0.04,,0.05,0.08,0.18,0.04,,,0.05,0.03,0.02,0.03,0.07,0.03,0.03,0.08,0.06,0.08,,,,,0.02,,,,,0.04,0.02,0.04,0.06,,,,,0.15,0.02,0.02,0.04,,0.02,,0.03,0.02,0.01,0.02,0.03,,0.08,,0.06,,,0.01,0.0,0.02,0.02,0.07,0.21,0.2,0.4,0.33,0.27,1.03,0.3,0.31,0.07,0.14,0.02,0.05,0.67,0.04,0.03,0.04,,0.03,0.19,0.15,0.02,0.12,0.02,,,0.03,,,,,,,0.02,,,,,0.1,,0.08,0.05,0.05,,0.03,0.05,,0.04,,,0.04,,,0.04,,,0.02,0.02,,,,,,,0.03,,0.02,,,0.03,,,,,,0.03,,,,,,,,0.02,,,0.03,
Quzhoushi_330800,,,,,,,,,,,,,,,,,,,,,,,,,,,,,,,,,,,,,,,,,,,,,,,,0.01,,,,,,,,,,,,,,,,,,,,,0.14,,,,0.31,0.05,0.08,0.07,0.07,0.14,0.09,,0.02,0.03,0.04,0.03,,0.05,4.99,1.72,1.3,0.85,0.67,1.24,7.11,,0.66,1.1,5.51,0.05,0.08,,,0.03,0.04,0.13,0.18,1.65,,0.07,0.06,,0.08,0.23,0.24,0.11,0.04,,0.09,0.09,0.05,1.98,0.03,0.13,0.19,0.99,0.1,0.31,0.04,0.75,0.12,0.18,0.22,0.42,6.0,,,,0.06,,,,,,,,,,,,,,,,,,,,0.08,,,,,,,0.1,,,,,0.07,,,0.07,,,,,0.06,,0.1,0.1,0.05,,,,,0.04,0.03,,,,,,,,,0.06,,0.05,,,,,,,,,,,,0.04,,,,,,,,,,,,,,,,,,,,,,0.01,,,,,,,,,,,,,,,,,,,,,,,,,,,,,,,,,,,,,,,,,,0.03,,0.03,,,,0.05,,,,,0.02,,,,0.02,,,,,,0.06,,,,,,0.06,,,,,,,,,,,,,,,,,,,,,,,,,,,,,,,,,,,,,,,,,,,,,0.02,,,,,,,,,,,,,,,,
Zhoushanshi_330900,,,,0.06,0.04,,,,,,,,,,,,,,,,,,,,,,,,,,,,,,,,,0.18,,0.03,,0.03,,0.05,,,0.06,,,,,,,,,0.02,,,,,,,,,,,,,0.07,,,,1.36,0.13,0.14,,0.13,0.29,0.4,0.24,0.02,0.11,0.1,0.08,0.11,0.04,1.69,6.74,1.31,0.8,0.42,1.35,0.82,0.34,,1.12,0.42,0.05,0.11,0.04,0.03,0.09,0.03,0.12,0.12,0.14,0.08,0.27,0.03,0.03,0.09,0.05,0.12,0.08,,0.07,,,,,,0.19,,0.1,,0.13,,0.09,,,,,0.15,,0.04,,0.04,,0.04,,,0.03,0.24,0.08,,,,0.02,,,,,,,,,,,,,,,0.07,,,,,,,,,,0.02,,,,,,,,,,,,,,,,,,,,,,,,,,,,,,,,,0.08,0.03,,,,0.03,,,,,,,,,,,,,,,,,,,,,,,,,,,,,,,,,,,,,,,,,,,,,,,,,,,,,,,,,,,,,,,,,,,,,,,,,,,,,,,,,,,,,,,,,,,,,,,,,,,,,,,,,,,,,,,,,,,,,,,,,,,,,,,,,,,,,,0.01,,,,,,,,,,,,,,,,,
Taizhoushi_331000,,,,,,,,,,,,,,,,,,,,,,,,,,,,,,,,,,,,,,0.13,,,0.01,,,0.03,,0.01,,0.01,,0.06,,,0.02,0.02,,0.05,0.01,,,,0.05,,,,0.04,,0.04,,,,,0.48,0.81,0.14,0.32,0.11,0.24,0.35,0.36,0.17,0.07,0.32,0.15,0.23,0.14,0.14,3.27,9.21,11.86,1.23,1.0,2.94,5.14,1.97,3.77,,4.3,0.08,0.2,0.51,0.11,0.12,0.08,0.17,0.24,0.43,0.25,0.29,0.2,0.1,0.42,0.3,0.34,0.28,0.09,0.23,0.15,0.27,0.15,0.32,0.14,1.23,0.16,0.58,0.1,0.34,0.18,0.52,0.12,0.35,0.3,0.36,0.9,,,0.03,,,,0.05,,,0.21,0.04,0.12,,,,,,0.05,0.07,0.05,,0.03,0.06,,,0.06,0.07,0.05,,0.29,0.18,0.17,0.15,,,0.25,0.12,,0.08,0.04,0.12,,0.16,0.15,0.44,0.14,0.73,,0.14,0.06,,0.03,0.04,0.03,,0.07,,0.04,0.05,0.05,0.04,0.07,0.11,0.05,0.2,,,,0.04,0.09,,0.03,0.08,0.02,,,0.02,,,,,,,,0.03,,,,,,,,,,,0.01,,0.02,0.02,,,0.09,,0.03,,,,0.03,0.03,,,0.04,0.02,,,,,,,0.1,,0.01,,0.03,,,0.04,0.02,0.09,,0.04,,0.1,0.04,,,,0.02,,0.01,,0.03,0.09,0.09,0.05,0.13,0.17,0.25,0.13,0.04,0.03,0.03,0.02,0.02,0.12,0.05,0.03,0.04,0.02,0.04,0.08,0.13,0.03,0.07,0.02,0.02,0.02,,,,,,,,,,,,,0.12,,0.08,,,0.05,,,0.04,,,,,,,,,,,,,,,,,,0.02,0.01,,0.01,,,0.01,,,,,,,,,,,,,0.01,0.02,,,
Lishuishi_331100,,,,,,,,,,,,,,,,,,,,,,,,,,,,,,,,,,,,,,,,,,,,,,,,,,,,,,,,,,,,,,,,,,,,,0.07,,,,0.3,0.06,0.07,,0.08,0.1,0.06,,,,0.04,0.03,0.04,0.06,2.14,1.27,9.14,0.52,0.43,0.96,7.12,6.0,0.45,2.14,,,0.04,0.05,0.03,0.04,,0.04,,0.23,0.04,,0.03,,0.06,0.09,0.1,0.11,,,0.22,0.07,0.04,3.03,0.07,0.87,0.06,0.23,,0.14,,0.18,,0.07,0.1,0.24,0.59,,,,,,,,,,,,,,,,,,,,,,,,,,,,,,,,,,,,0.05,,0.06,,,,,,,,,0.06,,,,,,,,,,,,,0.02,,,0.06,,0.05,,,,,,,,,,,,,,,,,,,0.04,,,,,,,,,,,,,,,,,,,,,,,0.02,0.03,,,,,,,,,,,,,,,,,,,,,,,,,,,,,,,,,,,,0.04,0.02,0.03,0.05,0.04,0.06,,,,,,,,,,,,,0.06,,,,,,,,,,,,,,,,,,,,,,,,,,,,,,,,,,,,,,,,,,,,,,,,,,,,,,,,,,,,,,,,,,,
Hefeishi_340100,0.23,0.17,0.08,,,0.18,0.07,0.08,0.04,0.02,0.11,0.05,0.1,0.04,0.04,0.08,0.13,0.2,0.02,0.04,0.08,,,,0.05,0.02,,,0.04,,0.16,,0.04,,0.02,,0.07,0.08,0.02,,0.03,,0.02,0.02,0.02,,0.05,,0.03,0.06,0.02,0.03,0.01,0.02,0.06,,0.02,,0.09,0.12,0.06,,,0.06,0.05,,,,,,,,1.8,2.14,1.06,0.89,1.19,1.18,0.7,0.38,0.6,0.4,0.84,0.77,0.47,0.66,0.82,1.1,0.54,0.68,1.14,0.45,0.54,0.34,0.36,0.53,0.26,,15.61,13.08,36.51,16.32,6.32,16.56,27.36,11.58,17.15,14.21,7.19,44.47,11.84,13.07,7.63,0.14,0.14,0.07,0.14,0.17,0.09,0.11,0.05,0.07,0.32,0.57,0.19,0.72,0.06,0.2,0.42,0.17,0.22,0.3,0.32,0.1,0.17,0.09,0.28,0.07,0.09,0.15,0.17,0.11,0.09,0.13,0.25,0.08,0.14,0.04,0.3,0.12,0.22,0.17,0.21,0.11,0.1,0.12,0.13,0.08,0.12,0.15,0.13,0.42,0.47,1.94,0.43,0.33,,0.19,0.24,0.16,0.13,0.2,0.09,0.09,0.12,0.09,0.6,0.15,0.3,0.12,0.13,,0.12,,0.08,0.06,0.03,0.09,0.09,0.07,0.1,0.06,0.02,0.05,,0.06,0.05,,0.07,0.05,0.08,0.05,0.07,0.04,,,,,0.04,0.03,,0.02,,0.02,0.05,0.03,0.04,,0.03,0.06,0.04,,,0.07,,0.01,0.02,0.01,,,0.04,,0.03,0.04,0.11,,,,0.1,0.02,,,,,,,,,,0.07,,,0.16,0.04,,0.02,0.03,,0.05,,0.04,,0.01,0.05,0.01,0.03,,0.05,,,0.01,,0.01,0.03,0.05,,0.07,,0.04,,0.06,0.05,0.04,0.05,0.02,0.03,0.03,0.05,0.06,0.03,0.04,,,0.07,,0.02,0.11,,,0.09,,,,0.12,,,0.05,,0.06,0.04,0.04,0.03,0.09,,,0.06,0.04,0.01,,0.03,,0.03,0.13,0.03,0.04,0.05,0.03,,0.03,0.01,0.02,,0.02,,0.06,,,,,,0.04,0.03,,0.03,0.01,,,0.01,,0.06,0.03,,,0.16,,,0.04,0.02,,0.11,0.01,
Wuhushi_340200,0.1,0.09,,,,0.07,,,0.04,,0.04,,,,,,,,,,,,0.07,,,,,,,,,,,,,,,,0.02,,,,,,,0.01,,,,,,,,,,,,,,,0.05,,0.14,,,,,0.09,,,,,1.19,1.94,0.52,0.18,0.59,0.58,0.37,0.16,0.29,0.19,0.57,0.68,0.29,0.18,0.51,0.45,0.21,0.36,0.75,0.24,0.24,0.11,0.33,0.27,0.09,5.01,,1.4,1.33,19.69,0.58,15.05,2.8,4.52,1.51,0.91,0.64,1.43,0.75,5.95,15.36,,,,,,,0.05,0.02,0.06,0.09,0.15,0.09,0.44,0.06,0.09,0.07,0.05,0.06,0.09,0.13,0.03,0.05,0.02,0.06,,0.06,,,,0.05,0.03,0.07,,,0.03,0.07,,0.04,,,,,,0.07,,,0.05,,,0.12,0.14,0.08,0.08,,0.04,0.07,,0.06,,0.03,0.04,0.07,,0.11,0.05,,,,0.04,0.06,,,,,,,,,,,,,,,,,,,,,,,,,,,,,,,,,,,,,,,,,,,,,,0.02,,,,,,0.06,,,,0.04,0.02,,,,,,,,,,,,,,,0.01,,,0.01,,,,0.02,,,,,,,0.01,,,,,,,,,,,,,,,,,,0.01,,,0.03,,,,,,,,,,,,,,,,,,,,,,,,,,,,,,,,,,,,,,,,,,,,,,,,,,,,,,,,,,,,,,,,,,,,,,,,
Bengbushi_340300,,,,,,,0.04,,,,,,,,,0.04,,0.05,,,,,,,,,,,,,,,,0.03,,,,,,,,,,,,0.09,,,,,,,0.01,0.01,0.04,,,,0.04,,,0.07,0.07,,,,,,0.07,,,,1.04,1.33,0.59,0.67,0.7,0.67,0.6,0.23,0.63,0.18,0.7,0.68,0.29,0.97,0.47,0.82,0.49,0.55,0.39,0.46,0.4,0.11,0.19,0.93,0.19,3.67,1.06,,5.73,0.86,2.82,0.58,0.87,0.89,11.92,1.65,6.53,1.1,4.57,0.61,0.66,0.05,0.04,,,0.09,0.03,0.05,,0.09,0.09,0.06,,0.13,,0.13,,,,,0.06,0.03,0.04,0.03,0.22,0.02,0.04,0.06,0.13,0.06,,0.09,0.16,0.03,0.07,0.05,0.13,0.04,0.07,0.07,0.05,0.04,,0.06,0.06,0.06,0.06,0.06,,,0.3,0.13,0.11,0.08,0.14,,,,,,,,,,0.05,,,,,,,,,,,,,,,0.05,,,,,,,,,,,0.05,,,,,,,,,,,,,,,,,,,,,,,,,,,,,,,,,,0.04,,,,,,,,,,,,,,,,,,,,,,,,,,,,,,,,,,0.02,,,,,,,,,,,,,,,,,,,,,,,,,,,,,,,,,,,,,,,,,,,,,,,0.01,0.01,,,,,,,,,,,,,,,,,,,0.03,,,,,,,,,,,0.04,0.04,0.02,,,,,,,,,,,
Huainanshi_340400,,,,,,,,,,0.03,,,,,,,,0.05,0.01,,,,,,,,,,,0.21,,,,,,,,,,,,,,,,,,,,,,,,,,,,,,,,0.07,,,,,,,,,,,1.19,0.46,0.34,0.22,0.29,0.45,0.24,0.08,0.15,0.1,0.35,0.36,0.15,0.22,0.22,0.39,0.16,0.33,0.29,0.15,0.3,0.05,0.18,0.2,0.07,9.79,1.19,5.95,,0.84,1.59,0.67,0.84,0.98,2.25,7.15,1.05,7.85,4.16,0.57,0.67,,,0.06,,0.07,,,,,,,,,0.06,,,,,,,,,0.02,0.12,,,,0.05,0.04,,,0.06,,,,0.08,,,,,,,,,0.05,,0.04,,,0.14,0.19,0.12,0.12,,,,,,,0.02,,,,0.06,,,,0.04,,,,,,,,,,,,,,,,,,,,,,,,,,,,,,,,,,,,,,,,,,,,,,,,,,,,,,,,,,,,,,,,,,,,,,,,,,,0.04,,,,,,,,,,,,,,,,,,,,,,,,,,,,,,,,,,,,,,,,,,,,,,0.03,,,,,,,,,,,,,,,,0.01,,,,,,,,,,,,,,,,,,,,,,,,,,,,,,,,,,,,,,,,0.01,,,,
Maanshanshi_340500,,,,,,,,,,,,,,,,,,,,,,,,,,,,,,,,,,,,,,,,,,,,,,,,,,,,,,,,,,0.02,,,,,,,,,,,,,,,0.38,5.07,0.44,0.12,0.57,0.34,0.22,0.11,0.36,0.18,0.34,0.67,0.23,0.24,0.22,0.18,,0.16,0.29,0.07,0.15,,,0.1,0.04,3.38,13.74,0.69,0.54,,0.3,1.66,0.91,1.21,2.62,0.41,0.42,0.79,0.45,1.41,2.47,,,,,,0.03,,,,,0.13,0.05,0.15,,,,,,,0.05,0.03,,,0.03,,,,,0.04,,,,,,0.03,,,,,,,,,,0.05,,,,,0.06,0.13,,,0.04,,0.04,,,,,,,,,,,,,,,,,,,,,,,,,,,,,,,,,,,,,,,,,,,,,,,,,,,,,,,,,,,,,,,,,,,,,,,,,,,,,,,,,,,,,,,0.05,,,,,,,,,,,,,,,,,,,,,,,,,,,,,,,0.02,,,,,,,,,,,,,0.03,,,,,,,,,,,,,,,,,,,,,,,,,,,,,,,,,,,,,,,,,,,,,,,,,0.02,,,,,,,,,,,,,
Huaibeishi_340600,,,,,,,,,,,,,,,,,0.05,,,,,,,0.03,,,,,,0.05,,,,0.01,,,,,,,,,,,,,,,,,,,,,,0.02,,,,,,,,,,,0.02,,,0.04,,,0.4,0.58,0.22,1.88,0.32,0.33,0.24,0.19,0.16,0.13,0.09,0.25,0.12,0.24,0.21,0.37,,0.13,0.2,0.18,0.18,,0.08,0.12,0.05,1.61,0.54,2.18,1.22,0.33,,0.22,0.33,0.35,0.73,1.15,19.33,0.36,7.01,0.2,0.18,,,,,,,,,0.06,,,,,0.04,,,,,,,0.03,0.06,,0.33,,0.04,0.05,0.13,0.05,,0.05,0.1,,0.06,,0.12,0.03,0.05,,,,,,,0.05,0.05,0.05,,,2.51,0.09,0.12,,0.12,,,,,,,,,,,,,,,,,,,,,,,,,,,,,,,,,,,,,,,,,,,,,,,,,,,,,,,,,,,,,,,,,,,,,,,,,,,,,,,,,,,,,,,,,,,,,,,,,,,,,,,,,,,,,,,,,,,,,,,,,,,,,,,,,,,,,,,,,,,,,,0.11,,,0.16,,,,,,,,,,,,,,,,,,,,,,,,,,,,,,0.14,,,,0.02,,,,,,,,,,0.0,,,,,,
Tonglingshi_340700,,,,,,,,,,,,,,,,,,,,,,,,,,,,,,,,,,,,,,,,,,,,,,,,,,,,,,,,,,,0.04,,,,,,,,,,,,,,0.3,0.44,0.21,,0.4,0.3,0.15,,0.07,0.04,0.13,0.15,0.09,0.04,0.17,0.15,,0.17,0.18,0.1,0.11,,,,,2.4,5.63,0.27,0.35,1.03,0.16,,8.34,2.81,0.32,0.23,0.16,0.66,0.16,14.99,1.01,,,,,,,,0.03,,0.05,,,0.17,,0.07,,,,,,,,,,,,,,,,,,,,,,,,,,,,,,,,,,,,,,,,0.02,0.04,,,,,,,,,,,,,,,,,,,,,,,,,,,,,,,,,,,,,,,,,,,,,,,,,,,,,,0.02,,,,,,,,,,,,,,,,,,,,,,,,,,,,,,,,,,,,,,,,,,,,,,,,,,,,,,,,,,,,,,,,,,,,,,,,,,,,,,,,,,,,,,,,,,,,,,,,,,,,,,,,,,,,,,,,,,,,,,,,0.01,,,,,,,,,,,,,,,,,,,
Anqingshi_340800,0.09,0.09,,,,,,,,,,0.04,,0.02,,,,,,0.04,0.07,,,,,,0.01,,,,,,,,,,0.03,,,,0.01,0.03,0.02,,,,,,,,,,0.01,,,,,0.01,,,,,,,,0.12,,,0.07,,,,1.08,0.95,0.43,0.2,0.48,0.62,0.24,0.13,0.21,0.1,0.3,0.44,0.19,0.12,0.79,0.85,0.56,0.53,1.65,0.32,0.39,0.17,0.35,0.31,0.13,9.75,3.31,1.22,1.54,1.91,0.52,16.36,,3.2,1.14,1.39,0.5,3.88,0.7,20.66,1.31,0.2,0.06,0.12,0.05,0.3,,0.05,0.02,0.1,0.47,0.85,,3.16,0.13,0.24,0.24,0.15,0.14,0.27,0.24,0.05,0.07,0.03,0.07,0.04,0.07,,0.06,0.04,,0.03,0.11,0.03,0.06,,0.06,0.06,,,0.05,,,,,0.05,0.06,0.04,,,0.12,0.22,0.13,,,0.22,0.33,0.09,0.12,,0.17,0.07,0.1,0.08,3.07,0.32,0.3,,0.11,0.05,,0.06,0.05,0.06,,,,0.06,0.05,0.14,0.02,,,0.05,0.05,,0.05,,0.09,,,,,,,0.02,0.05,0.02,,0.05,,,0.08,,,,,0.03,,,,,,,,,,,,,,,,,,,,,0.07,,,,,,,0.03,,,,,,,0.01,,,,,,,,,,,,0.02,,,,,,,,,,,,0.02,,,,,,,,,,0.04,0.04,,,,,,0.02,,0.02,,0.06,0.03,,,,,,,,,,,,,,,0.02,,,,0.02,,,,,0.04,,,,,,0.03,,,,,,,,,,,,,,,,,,,,,,,0.02,,,,,,,,
Huangshanshi_341000,,,,,,,,,,,,,,,,,,,,,,,,,,,,,,,,,,,,,,,,,,,,,,,0.05,,,,,,,,,,,,,,,,,,,,,,,,,,0.51,0.54,0.16,0.1,0.22,0.23,0.15,,0.13,0.06,0.12,0.13,0.11,0.1,1.42,0.34,0.33,0.37,0.76,0.22,0.54,1.09,0.11,0.21,0.18,2.79,3.04,1.12,1.56,1.71,0.54,5.02,2.47,,0.48,0.88,0.42,0.81,0.35,6.6,6.55,0.08,0.03,,,,,0.17,,0.11,0.16,2.35,,0.43,0.13,0.22,,,0.07,0.19,1.06,,,0.04,0.05,,,,,,,,,,,,,,,,,,,,,,,0.04,,,0.09,0.13,0.07,,,0.03,0.13,,,,0.03,,,,0.1,,,,,0.04,,,,,,,,,,,,,,,,,,,,,,,,,,,,,,,,,,,,,,,,,,,,,,,0.01,,,,,,,,,,,,,,,,,,,,,,,,,,,,,,,,,,,,,,,,,,,,,,,,,,,,,,,,,,,,,,,,,,,,,,,,,,,,,,,,,,,,,,,,,,,,,,,,,,,,,,,,,,,,,,,,,,,,,,,,,,,,,,,,,,,,,
Chuzhoushi_341100,,,,,,,,,,,,,,,,,,0.09,,,,,,,,,,,0.04,,,,,,,,,,,,,,,,0.02,,,,,,,,,0.02,,0.02,,,,,,,,,0.05,,,,,,,,1.25,8.07,1.17,0.68,1.24,1.44,0.76,0.4,3.91,0.45,5.22,2.06,0.71,1.56,0.45,0.94,0.46,0.51,0.6,0.43,0.54,0.17,0.36,0.66,0.19,6.96,1.99,18.35,3.67,3.98,1.27,0.68,1.12,1.02,,1.13,1.65,1.25,1.44,1.02,0.97,,,,0.03,,,0.05,,0.05,0.06,0.08,0.06,0.15,,,,,,0.06,0.09,0.05,0.08,0.04,0.18,,0.05,0.04,0.11,0.05,0.05,0.08,0.17,0.04,,0.02,0.12,,0.09,0.07,0.07,0.05,,0.07,0.19,,0.05,0.07,,,0.3,0.23,0.17,0.13,,0.03,,,,,,,,,0.1,,0.09,,0.06,,,,,0.02,,,,,,,,,,,,,,,,,,,,,,,,0.02,,,,,,,,,,,,,,,,,,,,,,,,,,,,,,,,,,,,,,,,,0.07,,,,,,,,,,,,0.02,,,,,,,,,,,,,,,,,,,,,,,,,,,,,,,,0.05,,,,,,,,,0.02,,,,,,,,,,,,,,,,,,,,,,,,,,,,,,,0.01,,,,,,0.02,,,,,,0.04,,,,,,,,,,,,,0.05,,
Fuyangshi_341200,0.22,0.31,0.11,0.08,,0.13,0.06,0.12,0.04,,0.11,0.11,0.05,0.04,,0.03,0.09,0.23,0.08,0.03,0.11,0.02,,0.06,0.02,,0.03,,0.05,,,,0.02,,0.02,,0.02,0.08,0.02,,,0.05,,0.02,0.03,0.02,0.02,,0.03,,0.02,0.01,,,0.04,,,,,,,,,0.03,,0.06,,,,,,,1.54,0.82,0.7,0.51,1.04,0.82,0.47,0.27,0.17,0.26,0.42,0.41,0.25,0.23,1.15,2.18,1.19,0.88,1.13,1.37,0.62,0.14,2.47,0.94,0.22,5.49,1.72,2.98,10.17,1.0,2.59,0.56,1.23,1.17,1.18,,1.19,5.4,19.72,0.86,0.74,0.11,0.07,0.08,0.04,0.2,0.06,0.08,0.04,0.08,0.13,0.21,0.09,0.24,,0.14,0.1,,,0.08,0.13,0.08,0.1,0.05,0.16,0.03,0.18,0.12,0.17,0.08,0.33,0.09,0.23,0.05,0.21,0.04,0.38,0.2,0.3,0.2,0.41,0.12,0.09,0.2,0.21,0.14,0.29,0.33,0.1,0.39,0.95,5.15,6.36,4.06,0.09,0.14,0.08,0.07,0.05,0.11,0.02,0.08,0.09,0.06,0.34,0.08,0.1,,0.15,,,,,,0.03,,,0.04,,,,0.09,,,,0.04,,0.04,0.06,,0.07,,0.03,,,,0.04,0.02,,0.05,,,0.09,,0.16,0.02,,,,,,,,,,,,,,,,,0.06,,,,,,,,,,,,,0.03,,,,,,,,,,,,,,,,,,,,,0.02,,,,,,,,,,,,,,,,,0.01,,,,,,,,,,,0.05,,,,0.03,,,0.07,,0.26,0.05,,,0.03,0.03,0.05,,0.05,,,,,,0.02,,,0.06,,,,,0.06,,,0.04,,0.02,,0.01,,,,,,,,,,,0.02,,0.02,,0.11,0.07,,0.03,,0.04,0.01,,0.02,,,,
Suzhoushi_341300,0.13,0.14,0.09,0.09,,0.06,0.08,0.06,,,0.11,0.07,,,0.06,0.03,0.07,0.1,0.03,,,,0.07,,0.03,,,,0.04,0.05,,0.03,0.02,,0.03,,,0.06,,,,,,,,0.01,0.03,0.01,,,,,,0.01,,,0.02,,,,0.05,,,,,,,,,,,,1.09,1.99,1.06,16.72,1.17,1.61,1.37,0.6,0.77,0.45,0.55,0.87,0.34,3.63,0.77,1.36,0.94,0.92,0.71,0.57,0.55,0.17,0.44,0.69,0.23,4.5,1.53,10.83,1.7,0.95,44.92,0.44,0.79,0.59,2.17,1.41,,0.8,3.08,0.64,0.58,0.07,0.03,,,,,0.04,,0.1,0.06,0.1,,0.13,0.07,0.07,,,,0.07,0.1,0.14,0.16,0.1,0.75,0.1,0.11,0.12,0.41,0.14,0.1,0.17,0.46,0.1,0.12,0.08,1.13,0.13,0.16,0.09,0.09,0.05,0.11,0.1,0.14,0.1,0.06,0.06,0.12,0.12,4.47,0.18,0.23,0.1,0.14,0.03,,,,,,,,,0.08,,,,,0.08,,0.06,,,,,,,,,,,,,,,,,,,,,,,,,,,,,,,,,,,,,,,,,,,,,,,,0.01,0.02,,,,,,,,,,,,,,,,,,,,,,,,,,,,,,,,,,,,,,,,,,,,,,,,,,,,,,,,,,,,,,,,,,,,,0.03,0.04,,,,0.1,,0.08,0.03,0.06,0.04,,,0.07,0.02,,,,,,,,,0.08,0.05,,,,,,,,,,,,,0.02,,,0.06,,,0.02,,,,,,0.05,,,,0.01,,,0.01,,,,
Luanshi_341500,0.07,,,,,0.16,,,,,,,0.03,,,,0.04,,,,,0.02,,,,,,,,,,,,,,,,,,,,,,,,,,,,,,,,,,,,,,,,,,,,,,,,,,,1.37,1.03,1.15,0.28,0.86,1.58,0.39,0.14,0.15,0.2,0.26,0.49,0.23,0.23,0.68,0.49,0.24,0.63,0.56,0.31,0.28,0.13,0.16,0.22,0.1,17.68,2.15,2.72,10.79,1.52,0.69,2.26,4.68,1.13,1.51,7.6,0.92,,2.15,1.84,1.22,,,0.07,,0.06,,0.05,,,0.12,0.24,,0.22,0.04,0.07,,0.07,,0.06,0.12,,,,0.08,,,,0.09,,,0.03,0.07,0.03,0.05,,0.14,0.06,0.04,,0.09,0.07,,,0.06,0.06,0.04,0.1,,0.11,0.18,7.01,0.22,0.18,,0.19,0.24,,0.1,0.13,0.13,0.06,0.15,0.07,1.61,0.13,0.17,0.07,0.09,0.11,0.06,,,,,,,0.04,0.04,0.04,,,0.05,,,,,,,,,,,,,,,0.02,,,,0.03,,,,,,,0.04,,,,,0.03,,,0.02,,0.02,,,,,,,,,,,,,,,,,,,,,,,,,,,,,,0.02,,,,,,,,,,0.01,0.0,,,,,,,,,,,,,,,,,,0.02,,0.02,,,,,,0.02,,,,,0.04,,,,,,,0.02,0.03,,,,0.08,0.02,,,,,,,,,,,,,,,,,,,,,,,,,,0.01,,,,,,,,,,,,0.05,,,,0.01,0.02,,,
Bozhoushi_341600,0.09,0.1,,0.05,,0.08,0.04,0.07,,0.02,0.06,0.09,,,,0.03,0.04,0.13,,,0.12,,,,,,,0.06,,,,,,,,,0.03,,,,0.04,,,,,0.01,,0.01,,,,,,0.04,,0.05,,,,0.24,,,,,0.02,,,,,,0.08,,1.01,1.11,0.69,0.61,0.71,0.83,0.56,0.16,0.2,0.18,0.26,0.41,0.26,0.23,0.59,1.16,0.7,0.4,0.62,0.59,0.69,0.19,0.35,0.91,0.09,3.44,0.97,4.88,4.63,0.83,7.87,0.63,0.63,0.73,0.94,12.95,1.9,1.13,,0.42,0.48,0.08,0.03,0.07,0.06,0.08,,0.04,,0.1,0.06,0.2,0.05,0.11,,,,,,0.05,0.08,0.07,0.09,,0.22,0.03,0.08,0.06,0.19,0.08,0.11,0.03,0.15,,0.13,0.03,0.36,0.11,0.2,0.11,0.15,0.09,0.05,0.13,,0.1,0.32,0.1,,0.15,4.46,0.38,3.01,0.27,0.07,0.05,0.06,0.11,,0.07,,,0.07,,0.07,0.06,0.06,,,0.05,0.05,0.06,,,0.02,,,,,,,,,,,,,,,,0.11,,,,,,,,0.03,,,,,,0.07,0.08,,,,,,,,,0.01,0.04,,,,,,,,,,0.04,0.07,,0.05,,0.02,,,,,,,,0.03,,,,,,,,,,,,,,,,,,,,,,,,,,,,,,,,,,,,,,,,,,,,,,,,,0.04,,,,0.02,,,0.04,,,,,,,,,0.03,,,0.01,0.04,,,,,,,0.08,,0.03,,,,,,0.03,,,,,0.02,,0.02,,,,,,,,,,,,,,,,0.02,,,,
Chizhoushi_341700,,,,,,,,,,,,,,,,,,,,,,,,,,,,,,,,,,,,,,,,,,,,,,,,,,,,,,,,,,,,,,,,,,,,,,,,,0.48,0.54,0.2,0.16,0.33,0.31,0.14,0.05,0.08,0.1,0.13,0.23,0.1,0.09,0.37,0.26,0.26,0.27,0.25,0.15,0.2,0.25,,0.3,0.09,2.74,3.43,0.7,0.88,1.19,0.16,15.83,11.21,5.42,0.51,0.7,0.23,0.74,0.41,,1.34,0.07,,0.07,0.08,,,0.03,,0.04,0.07,0.69,0.08,0.9,0.05,0.18,0.07,,0.06,0.1,0.77,,,0.03,,,0.04,,,,,,,,,0.03,,,,,,,,,0.07,,,,,,,0.09,,,,0.03,0.06,,,,0.04,,,,0.08,,,,0.04,0.04,,,,,,,,,,,,,,,,,,,,,,,,,,,,0.02,,,,,,,,,,,,,,,,,,,,,,,,,,,,,,,,,,,,,,,,,,,,,,,,,,,,,,,,,,,,,,,,,,,,,,,,,,,,,,,,,,,,,,,,,,,,,,,,,,,,,,,,,,,,,,,,,,,,,,,,,,,,,,,0.07,,,,,,,,,,,,,,,,,,,,,,,,,
Xuanchengshi_341800,,,,,,,,,0.03,,,,,,,0.03,,,,,,,,,,,,,,,,,,,,,,,,0.01,,,,,,,,,,,,,,,,,0.02,,,,,,,,,,,,,,,,1.29,1.87,1.01,0.21,2.4,0.57,0.25,0.11,0.24,0.2,0.4,0.67,0.25,0.17,1.4,0.42,0.15,0.66,6.31,0.36,0.4,0.42,0.19,0.22,0.14,2.87,14.03,1.4,1.34,4.14,0.44,2.79,1.45,13.4,0.93,0.74,0.49,0.65,0.37,2.31,,,,,,,,0.13,0.04,,0.1,0.36,,0.15,,0.1,,,0.07,0.08,0.24,0.05,,,0.11,,,,0.04,0.03,,,0.1,,,,0.08,,,,,,,,0.06,,,0.04,,,0.09,0.14,,,,,,,,,,,,,0.05,,,,0.04,,,,,,,,,,,,,,,,,,,,,,,,,,,,,,,,,,,,,,,,,,,,,,,,,,,0.01,,,,,,,,,,,,,,,,,,,,,,,,,,,,,,,,,,,,,,,,,,,,,,,,,,,,,,,,,,,,,,,,,,0.07,,0.02,,,,,,,,,,,,,,,,,,,,,,,,,,,,,,,,,,,,,,,,,,,,,,,0.04,,,,,,,,,,,,,,,
Fuzhoushi_350100,,,,,,,,,,,,,,0.02,0.03,,,0.05,,0.03,,0.02,,,,,,,,0.06,,,,,,,0.02,0.07,,,,0.05,,,,,,,,,,,,,0.03,,,,0.07,,,,0.07,0.03,0.04,0.06,0.04,,,0.09,,,0.2,0.06,0.08,0.1,0.06,0.08,0.07,0.05,0.05,0.06,0.06,0.03,0.05,0.05,0.18,0.2,1.4,0.11,0.13,0.18,0.34,0.27,0.33,0.51,0.44,0.05,0.07,,0.04,0.04,,0.05,0.15,0.16,0.07,0.07,0.04,,0.07,0.13,0.1,,4.53,28.72,20.37,9.1,4.36,29.36,5.73,42.52,0.39,0.44,0.21,0.49,0.26,1.39,0.75,0.29,0.3,1.42,1.3,,,,,,0.04,0.05,,0.03,0.25,0.06,0.05,0.04,,,0.1,0.04,,0.08,0.07,,,0.05,,0.04,0.04,,0.05,0.19,,0.13,,0.09,,0.07,0.18,,0.09,0.14,0.06,0.04,,0.14,0.23,0.13,0.13,0.21,,0.12,,,0.06,0.06,0.08,0.12,0.07,0.06,0.07,0.06,0.03,0.3,0.11,0.15,0.03,0.13,0.09,0.1,0.18,0.06,0.39,0.08,0.08,0.13,0.04,0.06,0.09,0.14,0.21,0.12,,0.05,0.11,0.05,0.37,0.21,0.02,0.08,0.03,0.15,,0.13,0.14,0.05,0.02,0.03,0.04,0.08,0.04,0.04,0.04,0.02,0.06,,0.08,,,0.05,,,,0.06,,,,,0.05,,,,0.2,0.03,0.02,,0.03,,,,0.02,,0.02,0.06,,0.02,0.15,0.5,0.02,0.12,,,,0.02,0.08,0.13,0.08,0.08,0.1,0.14,0.13,0.11,0.09,0.08,0.05,0.03,0.1,0.06,,0.11,0.04,0.02,0.04,0.12,0.09,0.05,0.11,0.05,,,,0.07,0.04,,,,,,,,,,,,0.07,,,,,,0.04,,,,,0.06,0.04,,,0.01,,,,,,,,,,,,0.02,,0.04,0.01,,0.04,,,,,,,,,,,,,,0.01,
Xiamenshi_350200,,,,,,0.06,,,,0.03,,,,0.04,0.03,0.04,0.04,,,,,,,,0.09,0.03,,,,,,,0.04,0.03,0.06,,0.03,,,,0.02,0.06,,0.03,,0.01,,0.02,,,0.05,0.03,,,0.04,0.02,,,,0.27,,,,,,,0.04,,,,0.04,,0.23,0.08,0.05,,0.04,0.07,,,0.03,,,0.05,0.05,0.04,0.19,0.18,0.54,0.06,0.05,0.08,0.18,,0.14,0.24,0.28,0.09,0.08,0.11,0.06,0.04,,0.05,0.06,0.16,,0.07,,0.08,,0.05,0.05,5.73,,9.65,11.71,28.04,44.18,6.02,24.96,4.38,0.45,0.26,0.25,0.39,0.29,0.7,2.55,0.77,0.34,1.53,0.68,0.03,0.04,,,0.03,0.05,,,,,,,,,,0.08,0.08,0.06,0.08,0.07,,,,,,0.08,0.07,,0.13,0.06,0.13,0.15,,0.04,,0.07,,,0.15,,0.05,,,0.12,,0.09,,,0.02,,,0.1,0.08,0.03,0.14,,0.06,0.07,,,0.11,0.07,0.06,0.05,0.1,0.14,0.1,0.36,0.12,1.03,0.08,0.07,0.16,0.04,0.05,0.2,0.44,0.47,0.19,0.06,0.05,0.14,0.07,1.18,0.49,0.07,0.08,0.05,0.1,0.03,0.05,0.04,0.01,0.02,0.02,0.04,0.04,0.03,0.04,,0.05,0.08,,0.03,,,0.05,,0.05,,0.12,,0.02,,,0.07,0.2,,0.03,0.17,0.05,,,0.1,0.03,0.03,0.05,0.05,0.07,0.03,,0.02,0.07,0.03,0.08,,0.07,0.01,0.01,0.01,,0.04,0.06,0.13,0.05,0.08,0.47,0.12,0.07,0.04,0.08,0.06,0.03,,0.08,,0.03,,0.07,,0.08,0.07,0.03,,0.07,0.02,0.04,,,,,,,0.04,0.03,,,,,0.06,,0.11,,0.03,0.1,,0.04,,,,,,,,,0.07,,,,0.02,,,,,,,,,0.01,,,,,,,,,,,,0.08,0.01,,,,,,,
Putianshi_350300,,,,,,,,,,,,,,,,,,,,,,,,,,,,,,,,,,,,,,,,0.02,,,,,,,,,,,,,,0.01,,,,,,,,,,,,,,,0.07,,,,,,,,,,,,,,,0.03,,,,0.1,0.33,,,,,,0.05,0.12,0.07,,,,0.03,,,0.02,,,,,,,,,,11.14,4.07,,3.77,10.2,1.89,2.64,1.81,2.38,0.09,0.13,0.06,,0.04,0.15,0.3,0.18,0.13,0.45,0.14,,,,,,,,,,,,,,,,,,,,,,,,,,,,,,,,,,,,0.04,,,,0.02,,,,,,0.07,0.26,,0.04,,,,,,0.08,,,,0.04,0.03,0.04,,0.05,,,0.04,,0.1,0.05,0.33,,,,,0.11,0.06,0.04,0.11,0.05,0.05,,0.07,0.03,0.2,0.13,,,,,0.04,0.07,,,,,0.03,0.04,,0.01,,,,,,0.04,,,,0.07,0.02,,,,,,,,,,,,,,0.04,,,,,,,,,,,0.09,0.01,,,0.0,,,0.02,0.02,,0.04,0.06,0.04,0.04,0.05,0.03,,,,,,,,0.04,,,0.06,,,,,,,,,,,,,,,,,,,,,0.07,,,,0.01,,,,,,,,,,,,,,,,,,,,,,,,,,,,,,,,,,,,0.0,,,,,,,
Sanmingshi_350400,,,,,,,,,,,,,,,,,,,,,,,,,,,,,,,,,,,,,,,,,,,,,,,,,,,,,,,,0.05,,,,,,,,,,,,,,,,,,,,,,,,,,,,,,,0.06,,0.13,,,,,0.15,,,0.25,,,,,,,,,0.05,,,,,,,,9.22,5.01,3.09,,6.28,2.58,12.6,10.74,2.4,0.17,0.06,0.09,0.13,0.08,0.11,1.57,0.42,0.18,1.55,0.16,,,,,,,,,,,,,,,,,,,,,,,,,,,,,,,,,,,,,,,,,,,,,,0.06,0.08,,,,,0.03,,,,,,,,,0.06,,,0.03,,,0.03,0.05,,0.11,,,,,,0.04,0.08,0.05,,,,,,0.09,0.04,0.01,,,,,,,,,,,,,,,,,,,,,,,,,,,,,,,,,,,,,,,,,,,,,0.04,,,,,,,,,,,,,,,,,,0.08,,,,,,,,,0.03,,,,,,,,,,,,,,,,,,,,,,,,,,,,0.03,,,,,,,,,,,,,,,,,,,,,,,,,,,,,,,,,,,,,,,,,,,
Quanzhoushi_350500,,,,,,,,,,,,,0.04,,,,,,,,,,,,0.03,,,,,,,,,,,,0.02,,0.02,,,,,,0.03,,,,,,0.03,0.02,,,,0.07,0.02,,,0.09,0.05,,,0.03,,,,,0.07,,,,0.11,,0.06,,0.05,0.08,0.07,0.07,0.03,0.04,0.04,0.04,,,0.12,0.19,0.96,0.11,0.12,0.16,0.29,0.22,0.17,0.42,0.26,0.05,0.04,0.07,0.11,0.02,,0.02,0.39,,0.04,0.13,0.07,0.05,0.09,0.08,0.03,11.51,26.01,28.52,18.44,,15.8,5.98,11.66,5.17,0.31,0.53,0.28,0.69,0.34,0.69,3.02,1.29,0.52,1.61,0.99,0.03,,,0.04,,,,,,0.06,0.02,0.07,,,,,,0.06,,0.05,,,0.05,,,0.05,0.04,,0.2,,,0.08,0.08,,0.05,0.15,0.08,0.12,0.15,0.09,0.05,0.09,0.11,0.24,0.16,0.13,0.38,0.06,0.11,0.13,,0.07,0.12,0.06,0.12,0.12,0.09,0.08,0.1,0.02,0.14,0.11,0.22,0.08,0.14,0.14,0.09,0.36,0.11,0.83,0.14,0.09,0.1,0.11,0.04,0.25,0.41,0.39,0.17,0.11,0.06,0.29,0.1,1.14,0.65,0.15,0.12,0.1,0.16,0.1,0.1,0.04,0.05,0.08,0.05,0.11,0.2,0.08,0.01,0.05,0.08,0.16,,0.06,0.04,0.04,0.04,,,0.02,0.06,0.06,0.02,0.04,,0.05,0.11,0.03,0.03,0.32,0.03,,,0.06,0.03,,,0.01,0.02,,0.05,,0.04,0.22,0.23,0.02,0.14,0.01,,,0.02,0.07,0.1,0.19,0.12,0.16,0.31,0.32,0.13,0.06,0.07,0.04,0.03,0.04,0.09,,,0.06,0.02,0.04,0.12,0.06,,0.23,,,,,,,,,,,,,,,,,,0.07,,,,,,,,,,,,,,,,,,,,,,,,,,0.02,,,,,,,0.01,,,,,,,,,,,,,,
Zhangzhoushi_350600,,,,,,,,,,,,,,,,,,,,,,,,,,,,,,,,,,,,,,,0.02,,,0.07,,,,,,,,,,0.04,0.01,,,,,,,,,,,,,,,,,,,,,,,,,,,,,,,,,,,,0.31,,0.05,,0.12,0.11,0.16,0.11,0.13,,,,,,,,0.06,,,,,,,,,5.03,30.91,3.56,4.71,11.42,,2.18,18.01,2.1,0.1,0.2,0.09,0.13,0.15,0.24,1.13,0.24,0.19,0.31,0.2,,,,,,,,,,0.07,,,,,,,,,,,,,,,,,0.06,,,,,,,,,0.04,,,,,,,,,,,0.07,,,0.08,,0.03,0.03,,,0.04,,,,,0.11,0.04,0.05,0.03,0.04,0.12,0.1,0.22,0.08,5.72,0.06,0.07,0.22,0.01,0.06,0.2,1.33,0.75,0.15,0.04,0.07,0.13,0.07,9.98,1.9,0.03,0.03,0.03,,0.04,0.23,0.04,0.03,0.07,0.05,0.02,0.04,0.02,0.04,,0.03,,,0.04,,,0.02,,0.19,0.04,0.03,,,0.04,0.09,,,,0.03,,,,0.02,,,,,,,,,,0.02,,,,,,,,,,,0.03,0.02,,0.09,,0.05,,,,,,,,,0.06,,0.03,0.15,,,0.07,,,0.02,,,,,,,,,,,,,,,,,,,,,,,,,,,,,,,,,,,,,,,,,,,,,,,,,0.02,,,,,,,,,,,,,
Nanpingshi_350700,,,,,,,,,,,,,,,,,,,,,,,,,,,,,,,,,,,,,,,,,,,,,,,,,,,,,,,,,,,,,,,,,,,,,,,,,0.24,,,,,,,,,0.04,,,,,0.15,0.11,0.62,0.09,0.06,0.16,0.34,1.61,0.11,0.13,3.06,,,,,,,0.05,,0.35,,,,,,0.07,0.06,13.64,2.61,2.76,10.4,2.22,1.07,,1.85,5.77,0.34,0.41,0.08,0.27,0.14,0.78,0.17,0.14,0.28,2.1,2.73,,,,,,,,,,,,,,,,,,,,,,,,,,,,,,,,,,,,,,,,,0.05,,,,,,0.06,,,,,,,,,,,,,,,,,,0.04,,0.05,,,0.1,,,,,,,0.07,0.03,,0.02,,,,0.06,0.05,,,,,,,,,,,,,,,,,,,,,,,,,,,,,,,,,,,,,,,,,,,,,,,,,,,,,,,,,,,,,,0.04,,,,,,,,,,,0.06,,,,,0.03,,,,,,,,,,,,,,,,,,,,,,,,,,,,,,,,,,,,,,,,,,,,,,,,,,,,,,,,,,,,0.0,,,,,,
Longyanshi_350800,,,,,,,,,,,,,,,,,,,,,,,,,,,,,,,,,,,,,,,,,,0.03,,,,,,,,,,,,,,,,,,,,,,,,,,,,,,,,,,,,,,,,,,,,,,,0.15,,,,,,,,0.05,,,,,,,,,,,,,,,,,4.63,11.35,1.68,10.87,4.02,7.91,1.96,,0.93,0.1,,0.11,0.11,0.11,0.17,3.72,0.24,0.09,0.3,0.08,,,,,,,,,,,,,,,,,,,,,,,,,,,,,,,,,,,,,,,,,,,,,,,,,,,,,,,,,,,,0.02,0.12,,,,,0.11,0.17,0.21,0.05,0.3,0.07,0.03,,,0.05,0.13,5.34,0.11,0.22,0.03,0.09,0.15,0.05,0.9,0.3,0.06,,,,0.02,,,,,,,0.04,,,0.06,,,,,,,,,,,,,,,,,,,,,,,,,,,,,,,,,,,,,,,,,,,,,,,0.04,0.04,,,,,,,,,,,,,,,,,0.02,,,,0.11,0.04,,,,,,,,,,,,,,,,,,,,,,,,,,,,,,,,,,,,,,,,,,,,,,,,,,,,,,,,,,,
Ningdeshi_350900,,,,,,,,,,0.03,,,,,,,,,,,,,,,,,,,,,,,,,,,,,,,,,,,,,,,,,,,,,,,,0.02,,,,,,,,,0.04,,,,,,0.29,,0.06,,0.05,0.08,0.06,,,0.04,,,,,0.15,0.23,6.54,0.09,0.06,0.11,0.32,0.15,0.42,0.64,1.25,,,,,,,,,0.05,,,,,,,0.03,19.39,1.9,3.1,2.33,2.13,1.01,7.95,0.74,,0.11,0.23,0.1,,0.05,0.09,0.18,,0.07,0.22,0.33,,,,,,,,,,0.11,,,,,,,,,,,,,,,,,,,,,,,,,,,,,,0.01,,,,,0.05,,,,,,,,,,,,,,0.05,,,,0.18,0.03,0.04,,,,,0.17,,,,,0.03,,0.07,0.07,0.05,,0.02,,,0.11,0.06,,0.03,,,,,,0.02,,,,0.05,,0.01,,,,,,,,,,,,,,0.02,,,,,,,,,,,,,,,,,,,,,,,,,,0.01,,,,,,,,,,,,,,,,,0.04,,,0.02,0.03,,,,0.07,,,,,0.03,,,,,,,,,,,,,,,,,,,,,,,,,,,,,,,,,,,,,,,,,,,,,,,,,,,,,,,,,,,,
Nanchangshi_360100,0.11,,0.08,0.07,,0.13,0.07,,,,0.05,,0.03,0.03,,,0.05,,,,0.1,,,,,0.02,,,0.03,,,,,,,,,,,,,0.03,0.02,,,,0.03,,,,,0.02,,,,,,,,0.1,,,,,0.1,0.06,,,,,,,0.37,0.15,0.1,0.11,0.14,0.13,0.08,0.09,0.06,0.08,0.1,0.09,0.07,0.06,0.37,0.31,0.33,0.22,0.11,0.18,0.58,0.51,0.1,0.26,0.26,0.16,0.15,0.14,0.08,0.12,0.06,0.16,0.62,0.4,0.08,0.12,0.06,0.1,0.09,0.3,0.13,0.45,0.26,0.4,0.64,0.42,0.21,0.9,0.23,0.27,,11.14,5.87,27.62,11.2,14.9,6.86,15.82,34.64,30.77,16.9,0.03,,,0.05,,0.04,0.05,0.06,,0.07,,0.1,,0.07,,0.06,0.05,0.04,,,0.05,0.05,0.06,0.06,,0.05,0.06,0.05,0.13,0.06,0.21,0.07,0.13,,0.21,0.52,0.14,0.15,0.17,0.06,0.08,0.1,0.1,0.66,0.27,0.19,0.14,0.09,0.14,0.09,0.13,0.35,0.31,0.19,0.4,0.15,0.24,0.15,0.21,0.12,0.16,0.09,0.15,0.14,0.11,0.16,0.17,0.29,0.13,0.13,0.09,0.07,0.11,,0.03,0.13,0.15,0.1,0.22,0.02,0.06,0.15,0.09,0.12,0.14,0.05,0.1,0.05,0.12,0.03,0.11,0.05,,0.03,0.01,,0.08,0.05,0.02,0.03,0.08,0.22,,0.09,,0.04,0.02,0.01,0.05,0.04,,,0.04,,,0.03,0.03,,0.03,0.13,0.05,0.02,,,0.01,0.03,,0.01,,,0.03,,,0.04,,,0.04,,,0.01,0.04,0.06,0.04,0.1,0.03,0.04,0.09,0.05,0.09,0.05,0.06,0.03,,0.01,,,0.07,0.07,,,0.05,0.11,0.02,0.15,,,0.03,0.03,,,0.02,,,,,,,,,,,0.11,,0.07,,0.03,,,0.03,,,,,0.02,,0.05,,0.04,,,,0.01,,,,,,,,,0.03,,0.04,,,,,,,0.04,0.02,,,0.04,,,,,
Jingdezhenshi_360200,,,,,,,,,,,,,,,,,,,,,,,,,,,,,,,,,,,,,,,,,,,,,,,,,,,,,,,,,,,,,,,,,,,,,,,,,0.15,0.06,,,,0.05,,,0.02,,,,0.04,,0.27,0.25,0.51,0.12,0.1,0.33,0.93,0.83,0.1,0.29,0.21,0.06,0.1,0.07,0.05,0.03,,,0.37,2.25,,,0.03,0.05,0.04,0.93,0.12,0.12,0.09,0.17,0.06,0.13,0.04,0.21,0.08,0.05,2.89,,0.32,4.41,0.73,2.87,0.4,0.7,0.81,1.78,11.58,,,,,,,,,,,,,,,,,,,,,0.05,,,0.1,,,,,,,,,,,0.03,0.07,,,,0.03,,,0.04,0.16,0.06,,0.06,,,,,0.05,0.03,,0.04,,0.04,,0.09,,,,,,,,0.03,,,0.09,,,,,,,,,,,0.03,,,,0.02,,,,,,,,,,,,,,,,,,,,,,0.02,,,,,,,,,,,,,,,,,,,,,0.01,,,,,,,,,,,0.0,,,,,,,,,,,,,,,,,,,,,,,,,,,,,,,,,,,,,,,,,,,,,,,,,,,,,,,,,,,,,,,,,,,,,,,,,,,,,,,,,,,,,,,,,,
Pingxiangshi_360300,,,,,,,,,,,,,,,,,,,,,,,,,,,,,,,,,,,,,,,,,,,,,,,,,,,,,,,,,,,,,,,,,,,,,,,,,,,,,,,,,,,,,,,0.08,,0.13,,,0.07,0.13,0.1,,0.11,,,,,,,,,,0.09,,,,,,,0.06,0.05,0.06,0.07,0.11,0.08,0.05,0.05,0.02,,2.38,0.46,,1.5,5.91,0.82,0.97,4.31,6.68,1.05,0.48,,,,,,,,,,,,,,,,,,,,,,,,,,,,,,,,,,,0.03,0.04,,0.07,,,,,,,0.14,,,,,,,1.32,4.18,0.63,0.29,0.15,0.41,0.16,0.07,0.09,0.37,0.14,0.1,0.27,0.07,0.09,0.13,0.18,0.09,0.04,0.06,0.02,,,0.02,0.08,0.04,,0.03,,0.05,0.14,0.09,,,0.01,,,,,,,,,,,0.04,,0.01,,,,,0.03,,0.03,,,,,,,0.02,,0.03,0.07,,,,,,0.01,,,,,,,0.01,,,,,,,,,,,,,,,,,,,,0.05,,,,,,,,,,,,,,,,,,,,,,0.02,,,,,,,,,,,,,,,,,,0.03,,,,,,,,,,,,,,,,0.06,,,,,,,,,,,,,,,,,,,,,,,,
Jiujiangshi_360400,,,,,,,,,,,,,0.04,,,,,,,,,,,,,,,,,,0.06,,,,,0.02,,,,,,,,,,,0.02,,,,,0.02,,,,,,,,,,,,,,,,,,,,,0.41,0.19,0.16,0.11,0.12,0.21,0.15,0.06,0.05,0.09,0.14,0.19,0.14,0.11,0.52,0.59,1.37,0.29,0.25,0.24,0.6,0.48,0.29,0.47,0.33,0.19,0.29,0.11,0.08,0.17,0.02,0.34,3.57,0.48,0.09,0.15,0.04,0.16,0.08,1.92,0.23,0.34,0.2,0.45,0.2,0.62,0.16,0.21,0.17,0.19,16.42,11.36,2.24,,2.59,2.48,1.56,2.28,4.42,3.37,4.38,,,0.02,,,,,0.05,,,0.03,0.07,,,,,,,,,,0.03,0.04,0.06,,0.04,,,0.12,,0.22,,,,0.45,4.25,0.07,0.17,0.09,0.58,0.12,0.24,0.19,8.86,2.36,0.27,0.11,0.23,0.1,0.12,,0.27,0.24,0.14,0.11,0.12,0.89,0.18,,0.08,0.09,0.07,0.09,0.06,0.11,0.16,0.16,0.37,0.1,0.52,0.19,0.14,,0.02,0.04,0.16,0.1,0.11,0.18,0.02,0.12,0.21,0.12,0.16,0.16,0.09,0.03,0.04,0.12,0.03,,0.05,0.05,,,,0.04,,,0.07,0.03,,,,,,0.02,0.03,,0.02,0.03,0.06,0.02,,0.03,,,,,,,,0.02,,0.01,,,,,0.01,,,,,0.04,,,,,,,,0.02,,,,0.07,,,,,,,,,,,,0.01,,0.05,0.09,,,,,,,,,,,,,,,,,,,,,,,,,,,,,,,,,,0.02,,,,,,,,,0.03,,,,,,,,,,,,,,,0.03,,,,,,0.14,,,
Xinyushi_360500,,,,,,,,,,,,,,,,,,,,,,,,,,,,,,,,,,,,,,,,,,,,,,,,,,,,,,,,,,,,,,,,,,,,,,,,,,,,,,,,,,,,,,,,,0.16,,,,0.17,0.06,,,,,,,,0.03,,,,,,,,,,0.04,,0.07,0.04,,0.05,,,0.09,0.04,,2.2,0.48,3.82,1.05,,0.93,1.08,6.46,9.21,0.94,0.45,,,,,,,,,,,,,,,,,,,,,,,,,,,,,,,,,,,,0.04,,,,,,,,,0.07,,,,0.07,,,0.1,0.26,0.13,0.05,0.05,0.12,0.07,,0.03,0.09,0.04,0.07,0.04,0.1,,0.09,0.11,0.04,,,,,,,,0.02,0.06,0.06,0.07,0.03,,,,,,,,0.08,,,,,,,,0.06,,,0.03,,,,,,,0.04,,,,,0.04,,,0.03,,,,,,,,,,,,,,,,,,,,,,,,,,,,,,,,,,,,,,,,,,0.03,,,,,0.05,,,,0.02,,,,,,,,,,,,,,,,,,,,,,,,,,,,,,,,,,,,,,,,,,,,,,,,,,,,,,,,,,,,,,,
Yingtanshi_360600,,,,,,,,,,,,,,,,,,,,,,,,,,,,,,,,,,,,,,,,,,,,,,,,,,,,,,,,,,,,,,,,,,,,,,,,,0.12,,,,,,,,,,,,,,0.18,0.1,0.25,0.1,,0.13,0.61,0.35,,0.11,0.06,,,0.06,,,,0.02,0.06,0.09,0.03,,,,,0.05,,0.23,0.09,0.07,0.08,0.14,0.05,0.61,0.08,,2.46,2.8,0.52,0.95,0.87,,0.6,0.77,0.83,5.89,6.98,,,,,,,,,,,,,,,,,,,,,,,,,,,,,,,,,,,,0.08,,,,0.04,,,,,,,,0.07,,,,0.03,0.06,,,,0.05,,,,0.04,,,,,,0.03,,,,,,,,,,0.04,0.03,0.05,,,,,,,,,,,,,,,,,,0.02,,,,,,,,,,,,,,,,,,,,,,,,,,,,,,,,,,,,,,,0.02,,,,,,,,,,,,,,,,,,0.02,,,,,0.01,,,,,,0.05,,0.02,,,,,,,,,,,,,,,,,,,,,,,,,,,,,,,,,,,,,,,,,,,,,,,,,,,,,0.02,,,,,,,,,
Ganzhoushi_360700,,,,,,,,,,,,,,,,,,,,,,,,,,,,,,,,,,,,,,,,,,,,,,,,0.02,,,,,,,,,,,,,,,,,,,,,,,,,0.2,0.04,0.08,,0.06,0.12,0.09,,0.05,0.08,0.04,,0.04,,0.22,0.22,0.32,0.23,0.1,0.14,0.46,0.34,0.06,0.29,0.18,0.05,0.09,0.07,0.05,0.02,,0.13,0.14,0.17,0.02,0.07,,0.06,,0.07,0.05,0.48,1.06,0.54,2.9,1.76,0.9,0.54,5.5,0.28,4.42,0.98,1.82,1.61,3.93,1.82,,20.58,2.69,6.93,1.65,,,,0.05,,,0.07,,,,,0.07,,,,,,,,,,,,,,,,,0.19,,0.14,,,,0.04,0.14,,,0.11,0.02,,0.07,0.04,0.17,0.19,,,,,,,0.13,0.23,0.08,0.29,0.24,0.15,0.13,0.05,0.05,2.06,0.29,0.14,0.18,0.14,1.13,6.36,1.22,0.52,1.69,0.73,0.54,0.25,0.15,0.24,1.16,6.24,0.31,5.11,0.2,0.7,1.28,0.78,2.13,2.01,0.2,0.06,0.04,0.22,0.12,0.1,0.05,0.03,0.1,0.07,,0.32,0.02,0.03,,0.06,0.06,,0.06,,0.16,0.01,0.09,,0.02,,0.08,0.02,0.04,0.03,0.14,0.05,0.15,0.03,,,,,,,,,,,0.01,0.03,,0.02,,,,0.06,,,,,,,0.04,0.04,0.03,0.08,0.05,0.09,0.03,,,,,0.04,,0.04,,,0.03,0.05,,,0.07,,,,,,,,,,,,,,,,,,,,,,,,,,,,,0.04,,,,,,,,,,,,,,,,0.01,,,,,,,,,,,,,,,,,,,,
Jianshi_360800,,,,,,,,,,,,,,,,,,,,,,,,,,,,,,,,,,,,,,,,,,,,,,,,,,,,,,,,,,,,,,,,,,,,,,,,,0.22,0.05,,,0.04,0.11,,,,,,,,0.03,0.26,0.33,0.41,0.14,0.11,0.19,0.49,0.21,0.09,0.32,0.16,0.05,,,,0.04,,,0.11,0.05,0.03,,0.03,0.04,,0.06,0.06,0.21,0.34,0.35,0.29,0.68,0.22,0.24,0.35,0.16,7.44,1.06,6.92,1.97,15.81,1.86,14.26,,6.03,4.62,1.25,,,,,,,,,,,,,,,,,,,,,,,,,,,,,,,0.09,,,,0.03,0.17,,,,0.03,,,0.04,0.17,0.12,,,,,,,0.24,1.0,0.25,0.45,0.21,0.16,0.11,0.21,0.05,1.07,0.17,0.11,0.12,0.14,0.33,0.45,0.89,0.21,0.2,0.18,0.2,0.05,0.06,0.08,0.46,0.44,0.14,0.45,0.05,0.16,0.76,0.29,0.12,0.39,0.07,0.05,0.05,0.13,,,,,0.02,,0.02,0.11,0.03,0.02,,0.04,,,0.04,0.04,,0.05,0.09,0.07,,,,0.02,,,0.05,0.09,0.03,0.03,,,,0.02,,,,,,,,,,,,,,,,,,,0.03,0.04,0.04,,,0.13,,0.04,0.04,,,,,,,,,,,0.04,,,,,0.02,,,,,,,,,,,,,,,,,,,,,,,,,,,,,,,,,0.01,,,,,,,,,,,,,,,,,,,,,0.02,,,,,,,,,
Yichunshi_360900,,,,,,,,,,,,,,,,,,,,0.05,0.1,,,,,,,,,,,,,,,,,,,,,,0.03,,,0.01,,,,,,,,,,0.02,,,,,,,,0.03,,,,0.09,,,,,0.27,0.08,0.06,,0.05,0.12,0.06,,,0.03,,0.07,0.04,,0.23,0.29,0.8,0.13,0.09,0.2,0.68,0.35,0.08,0.72,0.12,0.05,0.06,0.03,0.05,0.05,0.03,0.05,0.15,0.19,0.04,0.08,,0.03,,0.12,0.09,0.26,0.27,0.31,0.38,0.49,0.33,0.56,0.29,0.16,20.8,1.37,18.29,5.12,33.63,2.64,3.06,9.57,,4.52,1.74,,,,0.04,,,,0.05,,,,0.05,,,,,,,,0.06,0.03,,,0.1,,,,,0.17,,0.12,,,,0.06,0.24,,0.07,0.1,0.05,,0.05,0.06,0.22,0.23,0.06,,0.07,0.02,,,1.06,1.04,0.48,0.3,0.26,0.3,0.11,0.18,0.15,0.28,0.21,0.11,0.27,0.12,0.26,0.17,0.43,0.15,0.12,0.21,0.1,0.1,0.06,0.05,0.21,0.1,0.07,0.18,0.03,0.11,0.36,0.17,0.18,0.15,0.04,0.07,0.09,0.09,0.05,0.05,,0.02,,,0.03,0.04,0.04,0.09,,0.08,0.1,,0.05,,0.09,,0.09,0.11,0.04,0.03,,0.02,,0.09,0.05,,,,,,,,,,,,0.01,,0.03,,,,,,,,,,,,0.03,0.04,0.08,0.06,0.05,0.1,0.05,0.11,0.06,0.04,0.02,0.02,0.03,0.04,,0.04,,,0.03,0.08,0.24,0.03,0.23,,,,,,,,,,,,,0.02,,,,,,,,0.04,,,,0.03,,,,,,,0.02,,,,,,,,,,,,,,,,,,,,,,,,,0.02,0.0,,,,,,0.01,
Fuzhoushi_361000,,,,,,,,,,,,,,,,,,,,,,,,,,,,,0.03,,,,,,,,,,,,,,,,,,,,,,,,,,,,,0.01,,,,,,,,,,,,,,,0.33,0.05,0.07,,0.04,0.14,0.08,,,,,0.04,,0.04,0.34,0.25,0.71,0.15,0.15,0.19,0.66,0.32,,0.42,0.19,0.03,0.09,0.05,,0.02,0.03,0.07,0.1,0.12,0.03,0.07,,0.05,,0.09,0.06,0.54,0.55,0.34,1.5,0.74,0.31,2.25,0.36,0.16,9.18,2.55,1.29,1.96,1.78,11.77,3.53,3.77,2.64,,2.92,,,,,,,,,,,,,,,,,,,,,,,,,,,,,,,,,,,,0.06,,,,0.02,,0.06,,0.05,0.08,,0.06,,0.08,,,0.08,0.14,0.04,0.09,0.03,0.06,,,,0.1,0.06,,,0.04,0.15,0.16,0.25,0.06,0.32,0.11,0.04,,0.03,0.03,0.16,0.21,0.12,0.1,0.04,0.06,0.15,0.06,0.28,0.39,0.01,,,0.1,0.05,,,,0.01,,,,,0.02,,,,,,,,0.04,,0.05,,0.03,0.04,,,,,,,,,,,,,,,,,,,,,,,,,,,0.0,,,0.02,,0.05,0.03,,,,,,,,0.02,,,,,0.03,0.01,,0.06,0.1,,0.04,,,,0.03,,,,,,,,,,,,,,,0.02,,,,,,,,,,,,,,,,,,,,,,,,,,0.01,,,,,,,,,,,,0.02,,,,,,,,
Shangraoshi_361100,,,,,,,,,,,,,,,,,,,,,,,,,,,,,,,,,,,,,,,,,,,0.03,,,,,0.02,,,,,0.01,,,,,,,,,,,,,,,,,,,,0.78,0.14,0.14,0.07,0.19,0.28,0.15,,0.09,0.04,0.08,0.11,0.07,0.03,2.33,1.74,2.94,0.9,0.64,1.01,5.42,11.55,0.39,1.4,1.18,0.11,0.15,0.1,0.07,0.11,,0.25,0.34,2.74,0.06,0.08,0.08,0.1,0.07,1.8,0.26,0.76,0.55,0.47,0.49,0.86,0.24,4.5,0.18,0.36,11.23,36.31,1.27,6.27,3.13,32.75,1.77,2.04,2.38,5.18,,,,,,,,,,,,,,0.03,,,,,,,,,,,0.09,,,,,,,,,,,0.09,0.42,,0.06,,0.1,0.05,,,0.28,0.17,,0.14,0.04,,,,0.13,0.17,0.08,0.08,0.1,0.1,0.07,0.06,0.05,0.12,0.05,0.14,0.08,0.21,0.09,0.07,0.19,0.06,0.17,0.08,0.05,0.06,0.01,0.03,0.09,0.08,0.07,0.07,,0.04,0.11,0.13,0.09,0.13,,0.03,,0.1,0.02,,,,0.03,0.01,,0.04,0.03,,0.03,0.02,,,,,0.03,,0.03,,,0.03,,,,0.03,,,,,,,,,,,,,,,,,,,,,,,,,,,0.03,0.02,0.07,0.03,0.03,0.11,,0.1,0.07,0.03,,,,,0.04,,,,,,,,0.05,0.02,0.02,,0.03,,,,,,,,,,,,,,,,,,,,,,,,,,,,,,,,,,,,,,,,,,,,,0.02,,,,,,,,,,,,,,,,
Jinanshi_370100,0.61,0.95,0.62,0.43,0.34,1.26,1.64,0.48,0.33,0.33,1.72,0.41,1.66,0.16,0.14,0.39,0.39,0.15,0.14,0.16,0.12,0.28,0.18,0.18,0.15,0.12,0.05,0.34,0.12,0.13,0.23,,0.05,0.03,0.19,0.1,0.16,0.4,0.16,0.05,0.11,0.12,0.09,0.13,0.13,0.05,0.09,0.09,0.17,0.27,0.11,0.13,0.07,0.05,0.12,0.12,0.08,0.09,0.28,0.3,0.11,0.15,0.07,0.1,0.12,0.51,0.08,,0.28,0.19,0.26,,0.16,0.14,0.12,0.8,0.1,0.12,0.15,0.55,0.18,0.33,0.13,0.07,0.11,0.23,0.1,0.1,,,0.08,,0.11,0.1,0.07,0.11,0.07,0.11,0.11,0.12,0.07,0.11,0.22,0.08,0.13,0.14,0.06,0.18,0.25,0.04,0.25,0.11,0.07,0.06,,,0.06,0.09,,0.05,,0.09,0.08,,,0.09,,,,,,0.07,,,4.57,15.71,6.61,7.79,4.84,7.47,11.07,33.62,3.99,5.95,6.71,30.95,19.66,15.01,11.78,0.14,0.2,0.21,0.09,0.33,0.24,0.22,0.24,1.35,0.08,0.09,0.11,0.19,0.43,0.12,0.29,0.16,,0.03,0.07,,0.05,0.1,,,0.06,,,,,,,,0.1,,0.04,0.04,,,,,0.1,,,,,,,0.07,,,,0.04,0.05,,,,,0.02,,,,,,,,,,,,0.05,0.03,0.06,,,,,,,,0.04,,,,,0.12,,,0.39,0.04,0.05,,,0.02,,,,,,0.07,,0.07,,0.11,0.04,,,,,0.03,0.05,0.03,,,,0.01,0.02,0.04,,,0.2,,0.01,,0.03,,0.02,,,,,,,,0.04,,,0.07,,0.03,,,,,,,,,,,0.05,0.03,,,,,,0.06,0.02,0.09,0.07,0.07,0.06,0.12,0.14,,0.02,0.04,0.04,0.01,0.04,0.06,0.03,0.09,0.08,,0.05,0.02,,0.04,,0.02,0.01,0.04,,,,,,0.05,0.04,0.03,,0.08,0.06,0.05,,,,,0.12,0.03,,0.07,0.02,0.15,0.0,0.06,0.04,,,0.03,
Qingdaoshi_370200,0.52,0.55,0.4,0.34,0.41,0.89,0.63,0.32,0.24,0.17,0.56,0.25,0.51,0.16,0.16,0.22,0.36,0.17,0.12,0.26,0.28,0.28,0.21,0.15,0.09,0.13,0.05,0.26,0.13,0.05,1.08,0.04,0.06,0.14,0.1,,0.15,0.41,0.12,0.11,0.04,0.22,0.08,0.12,0.1,0.09,0.06,0.08,0.14,0.34,0.12,0.17,0.05,0.15,0.44,0.48,0.14,0.26,0.66,0.83,0.3,1.5,0.42,0.41,0.53,0.25,0.9,0.59,0.93,0.19,0.21,,0.28,0.2,0.12,0.63,0.13,0.15,0.33,2.49,0.38,0.65,0.23,0.11,0.15,0.5,0.12,0.12,,0.09,0.09,0.1,,0.06,0.33,0.1,0.09,0.11,0.12,0.21,0.09,0.09,0.18,0.08,0.21,0.06,0.11,0.15,0.27,0.1,0.18,0.12,0.06,0.1,0.03,0.11,,0.08,,,,,0.07,,,,,,0.09,,,,,3.59,,5.88,2.74,4.94,25.57,21.13,2.74,3.3,12.35,14.12,7.49,2.24,2.25,3.21,2.97,0.13,0.15,0.15,0.1,0.31,0.09,0.15,0.22,0.81,0.15,0.11,0.06,0.16,0.36,0.13,0.28,0.18,0.07,0.03,0.06,0.08,,0.07,0.03,,0.09,,0.07,,0.1,,,,0.09,,0.06,,,,,,0.04,0.06,,,,,,,,,,,,,0.05,0.05,,,,,,,,,,,,,,0.04,,,,0.05,,,,,,,,,,,0.14,,0.04,0.14,0.06,,,,,,0.03,,0.04,,0.08,0.07,,,0.1,0.04,,,0.03,,,0.03,,,0.02,,,,0.03,0.05,,0.14,0.01,,,0.02,0.02,,,0.02,,,,,,0.03,,0.03,0.06,,0.04,,0.1,,,,,,0.05,,,,0.09,,0.04,,,,0.05,,0.09,0.02,0.04,,0.15,0.07,0.09,0.02,0.07,0.01,,0.05,0.07,0.1,,0.05,0.04,0.05,0.07,0.07,0.02,0.01,,0.01,0.02,,0.04,0.08,,0.04,0.06,0.04,0.05,,,0.05,0.01,,0.07,,,0.03,0.06,,0.03,0.08,,,,0.02,0.02,,,
Ziboshi_370300,0.19,0.28,0.18,0.19,0.18,0.33,0.28,0.15,0.09,0.08,0.43,0.1,0.29,0.02,0.05,0.19,0.11,0.1,0.13,0.08,,0.15,0.08,0.11,,0.02,0.02,0.25,0.04,0.06,0.1,,0.05,0.03,,0.07,0.04,0.08,0.05,0.02,0.05,0.05,0.09,0.08,0.06,0.08,0.03,,0.08,0.12,0.02,0.04,,0.01,0.03,0.02,0.03,,0.04,0.07,0.05,,0.07,,0.05,0.06,0.06,,0.14,,0.08,,0.09,0.07,0.06,0.15,0.06,,0.08,0.27,0.05,0.14,0.05,0.04,0.07,0.11,,,,,,,,,,,,,0.04,0.05,0.02,,0.07,,,,0.09,,0.07,,0.07,,0.04,,,,,,,,,,,,,,,,,,,,,5.85,3.32,,1.12,9.2,2.99,9.52,1.45,3.52,2.11,2.25,3.34,1.87,1.37,24.83,1.0,0.03,0.06,0.09,,0.13,0.13,0.08,0.14,0.24,,,,,0.12,,0.09,,0.06,,,,,,0.02,0.07,,,,,,,,,,,,,,,,,,,,,,,,,,,,,,,,,,,,,,,,,,,,,,,,,,,,,,,,,,,,,,,,,0.07,,0.03,0.03,,,,,,,,,0.03,,,,,,,,,,,,,,,,,,,,,,,,,,,,,,,,,,,,,,,,,0.02,,,,,,,0.04,,,,,,,,,,,0.03,0.03,,,0.08,,,,0.02,,,,,,0.05,0.04,,,,,,,0.01,0.04,,,0.17,,,,0.01,,,,,0.01,,0.16,,,0.05,,,0.05,0.02,,,0.02,,,,,
Zaozhuangshi_370400,0.18,0.15,0.11,0.08,,0.21,0.13,0.07,0.04,0.04,0.19,0.07,0.12,0.06,0.03,0.08,0.19,0.06,0.03,0.08,,0.06,0.08,0.05,,,0.02,0.04,,0.12,0.1,,,,,,,0.08,0.03,0.03,0.01,0.04,0.03,,,0.01,,,0.02,,,,,0.02,,,0.04,,,,0.05,,,0.06,,0.06,,,,,,,0.35,0.22,0.16,6.0,0.2,0.37,0.42,0.47,0.17,0.15,0.2,0.12,0.17,0.44,0.12,0.1,,0.14,0.11,,,0.07,0.08,,,0.08,0.08,0.26,0.11,0.11,0.59,0.03,,,0.11,0.13,0.72,0.05,0.23,0.05,0.06,,,,,,,,,,,0.07,,,,,,,,,,3.23,2.01,1.09,,0.77,1.12,1.07,14.69,2.5,0.77,1.71,7.91,0.77,0.8,0.72,2.2,0.06,0.09,0.07,,0.06,0.08,0.11,0.06,0.14,,0.04,0.05,0.11,0.33,,0.11,0.08,,,,,,,,,,,,,,,,0.02,,,,,,,,,,,,,,,0.02,,,,,,,,,,,,,,,,,,,,,,,,,,,,,,,,,,,,0.02,,,,,,,,,,,,0.04,,,,,,,,,,,,,,,0.07,,,,,,,,,0.02,,,0.0,,,,,,,,,,,,,,,,,,,,,,,,,,,,,,,0.04,,,,,0.04,,,,,,0.08,,,,,,,,0.04,,,0.05,,,,,,,,,,,,,,,,,,,,,,,,,,,,,,,,,,,,,
Dongyingshi_370500,0.12,0.26,0.12,0.17,0.1,0.14,0.17,0.14,0.04,0.04,0.7,0.09,0.23,,,0.04,0.04,,0.01,0.03,,0.08,,,,,,0.05,0.04,0.04,,,,0.01,,,0.02,0.15,0.03,0.02,,0.03,0.03,0.02,0.03,0.01,0.06,0.01,0.04,0.1,0.02,0.02,0.01,,,0.05,0.03,,,0.06,0.05,,,0.03,0.07,,,0.29,0.21,0.04,0.05,,,,,0.06,,,,0.19,0.11,0.13,,,,0.1,,,,,,,,,,,,,,,,,,,,,,,,,,,,,,,,,,,,,,,,,,,,,,,,1.42,1.14,5.05,0.34,,1.42,6.06,0.66,0.84,0.97,0.64,0.88,1.83,0.92,15.34,0.7,,,0.06,,0.06,,0.05,,0.37,,,0.05,,,,,,0.06,,,,,,,,,,,,,,,,,,,,,,,,,,,,,,,,,,,,,,,,,,,,,,,,,,,,,,,,,,,,,,,,,,,,,,,,,,,0.13,,,,0.04,,,,,0.03,,,,,,,,,,,,,,,,,,,,,,0.01,,,,,,,,,,,,,,,,,,,,,,,,,,,,,0.03,,,,,,,,,,0.05,,,,,,,,,,,,,,,,,,,,,,,,,,,,,0.02,,,,0.09,,,0.01,,,,,0.03,,,0.0,,,,,,
Yantaishi_370600,0.44,0.56,0.65,0.29,0.26,0.68,0.37,0.37,0.18,0.2,0.67,0.24,0.28,0.21,0.09,0.16,0.17,0.05,0.12,0.06,0.09,0.07,0.06,0.07,0.07,,,0.28,0.08,0.1,0.37,,0.02,0.19,0.09,,0.08,1.25,0.06,0.08,,0.1,0.07,0.18,0.15,0.02,0.03,0.07,0.14,0.23,0.07,0.13,0.02,0.08,0.1,0.15,0.03,0.03,0.11,0.29,0.11,0.22,0.35,0.2,0.17,0.51,0.53,0.39,0.5,0.04,0.15,0.48,0.17,0.13,0.06,0.25,0.07,0.08,0.11,0.42,0.1,0.19,0.07,0.05,0.06,0.17,0.06,,,,,,,0.05,0.16,,,0.03,,0.11,0.05,0.02,0.04,0.07,,0.04,0.04,0.11,0.05,0.04,0.15,0.04,0.06,,,,,,0.04,,,,,,,,,0.09,,,,,,3.57,16.2,3.71,0.91,3.74,,6.56,1.02,1.32,40.2,1.95,1.72,1.24,1.14,2.38,0.89,0.06,0.06,0.12,,0.19,0.16,0.12,0.08,0.24,,0.08,,0.12,0.22,,0.13,0.08,0.06,,,0.07,,0.07,,,0.06,,,,,,,,,0.13,,,,,,,,,,,,,,,,,,,,,,,,,,,,,,,,,,,,,,,,,,,,,,,,,,,0.06,,,0.04,,,,0.05,,,,,,,0.14,,0.03,,,,,,,,,,,,,,,,,,,0.04,,,,,,,,,,,,,,,,,,,,0.02,0.04,,,,,,,0.05,,,,,,,0.04,,0.05,0.03,,,,0.03,,,0.08,0.02,,0.02,,,,,0.04,,,,,,,0.01,0.02,0.0,,,,,0.22,0.03,0.02,,,,,0.02,,,,,,0.03,0.04,0.02,,,0.03,,0.02,0.03,0.05,,,
Weifangshi_370700,0.43,0.49,0.35,0.41,0.39,0.61,0.47,0.34,0.21,0.17,0.81,0.22,0.49,0.06,0.09,0.18,0.19,0.1,0.13,0.25,0.17,0.19,0.11,0.13,0.06,0.05,0.02,0.37,0.11,0.12,0.64,0.12,0.07,0.22,0.07,0.07,0.11,0.3,0.11,0.06,0.04,0.15,0.19,0.1,0.19,0.04,0.05,0.06,0.19,0.28,0.09,0.19,0.11,0.05,0.2,0.17,0.17,0.25,0.37,0.71,0.29,0.15,0.21,0.13,0.11,0.25,0.3,0.29,0.86,0.24,0.18,0.24,0.14,0.12,0.1,0.45,0.09,0.11,0.21,0.9,0.23,0.35,0.14,0.09,0.13,0.28,0.09,,,0.06,0.07,0.09,,0.08,0.09,,,0.08,0.09,0.14,0.06,0.03,0.11,0.05,,0.04,0.09,0.13,0.15,,0.11,0.06,0.07,,,,,,0.04,0.05,0.03,,,0.06,,,,,,,,,,5.89,17.56,16.06,1.86,17.56,10.76,,2.26,3.27,5.67,13.0,6.29,2.26,1.93,5.88,1.99,0.06,0.13,0.13,0.06,0.2,0.11,0.17,0.16,0.52,0.07,0.08,0.08,0.14,0.15,0.08,0.11,,0.09,,,,,,,0.05,,,,,,,,,0.06,,,,,,0.04,,,,,,,,,,,,,,,,,,,,,,,,,,,,,,,,,,,,,,,0.02,,,,,,,,1.31,,,,,,,,,0.05,,,0.03,0.21,,,,,,,0.04,,0.01,,0.06,,,,,,,,,,0.09,,,0.01,0.03,,0.03,,,,,,,,,,0.02,0.02,,,,,0.01,,,,,0.11,,,,,,0.04,,0.04,,0.04,,0.04,0.02,0.03,,,0.12,,,,0.02,,,0.07,0.04,0.06,0.07,0.03,0.08,0.02,,0.03,,0.03,,,,,,,0.06,0.03,0.03,0.03,,,0.03,0.01,,,,,0.07,,,0.02,0.13,0.02,,,,,,,
Jiningshi_370800,0.44,0.56,0.25,0.26,0.15,0.62,0.39,0.22,0.14,0.08,0.37,0.23,0.29,0.09,0.11,0.19,0.28,0.23,0.1,0.17,0.16,0.11,0.14,0.13,0.07,0.09,0.09,0.11,0.08,0.75,0.37,0.03,0.06,0.06,0.09,0.03,0.08,0.1,0.04,0.02,0.02,0.03,0.06,0.07,0.06,0.01,0.05,0.04,0.05,0.14,0.05,0.08,0.04,0.02,0.11,0.05,0.02,0.07,0.14,0.28,0.13,0.07,0.07,,0.15,0.19,0.18,,0.21,,0.17,,0.28,0.22,0.17,6.21,0.19,0.23,0.2,0.61,0.28,0.26,0.24,0.16,0.17,0.36,0.12,0.44,,0.21,0.12,0.11,0.11,0.09,0.08,,0.07,0.13,0.08,0.3,0.11,0.05,0.44,0.03,0.04,,0.15,0.27,0.55,0.08,0.33,0.15,0.05,,,,0.05,,,,,0.05,,,0.04,0.13,,,,,0.07,0.05,0.05,7.94,3.71,2.36,27.79,2.32,2.13,2.28,,15.57,2.0,2.79,7.04,1.84,3.19,1.49,20.45,0.16,0.25,0.27,0.1,0.39,0.15,0.37,0.16,1.75,0.13,0.11,0.2,0.19,1.22,,0.26,0.14,0.15,,0.05,0.08,,0.09,0.03,,,,,,0.06,,0.05,,,,,,0.03,,,0.04,,,,,,,,,,0.03,,,,,,,0.02,,,0.03,0.03,0.03,0.02,,,,,,,,0.02,,0.04,0.08,,,0.02,,,0.03,0.02,,,,,,,0.04,,0.02,,0.09,,,,,,,0.03,,,,,,,,,,,,,,0.02,,,,,,,0.04,0.01,0.0,,0.02,,,,,0.02,,,,,,,,,,0.02,0.04,,,0.03,,0.06,0.06,,,,0.04,,,,0.02,,,0.05,0.14,0.09,0.07,0.07,0.08,0.07,0.39,0.07,0.04,0.03,0.01,0.01,0.04,0.07,,0.06,0.14,,0.05,,,0.03,,0.03,,,,0.03,,,0.06,0.08,,0.05,0.01,,0.02,,,0.19,0.01,,0.07,0.05,0.02,0.06,0.02,0.01,0.01,0.04,,,,,
Taianshi_370900,0.42,0.66,0.36,0.23,0.24,0.95,0.73,0.21,0.16,0.09,0.68,0.24,0.62,0.07,0.07,0.18,0.26,0.06,0.07,0.21,,0.16,0.09,0.21,0.04,,0.04,0.13,0.06,0.19,0.1,,0.03,0.01,0.06,0.02,0.04,0.1,0.02,0.04,0.02,0.03,,,0.1,0.07,0.09,0.06,0.08,0.1,0.03,0.05,,,0.06,0.02,,,0.02,,0.05,,,0.06,0.05,,0.06,,,0.09,0.05,,0.14,0.11,0.1,0.75,0.08,0.13,0.11,0.23,0.11,0.11,0.09,0.07,0.06,0.19,,0.09,,0.05,,,,,0.13,,,0.06,0.04,0.11,0.07,,0.2,,,0.04,0.09,0.08,0.19,0.05,0.2,0.03,0.06,,,,,,,,,,,,,,,,,,,,,13.58,3.15,4.1,3.2,2.58,1.72,2.74,12.04,,2.05,1.97,5.01,3.14,5.75,2.69,4.63,0.09,0.13,0.09,0.08,0.28,0.18,0.21,0.1,0.93,0.07,,,,0.46,,0.12,0.08,0.09,,,,,,,,,,,,,0.07,,,,,,,,,,,,,,,,,,0.03,,,,,,,,,,,,0.02,,,,,,,,,,,,,,,,,,,,,,,,,,,,,,0.02,,,,,,,,,,,,,,,,,,,,,,,0.02,,,,,,,0.07,,,,,,,,,,,,,,,,,,,,,,,,,,,,,,0.03,,,,,,,,,0.03,0.04,0.03,,,0.12,,,,0.05,,,,,0.04,0.02,,,,,,,,,,,,,,,0.04,0.02,0.01,,,,0.01,,,0.01,,,,,,,0.03,,,,,,,
Weihaishi_371000,0.22,0.28,0.25,0.2,0.14,0.38,0.19,0.25,0.07,0.06,0.37,0.13,0.27,0.11,0.15,0.04,,0.07,0.05,0.09,,,0.1,,0.03,0.08,0.02,0.14,0.08,,0.13,,0.01,0.04,,,0.05,0.56,0.02,0.02,0.07,0.32,0.06,0.13,,0.02,0.06,,0.05,0.17,0.06,0.1,0.01,0.08,0.04,0.3,0.01,0.05,0.21,0.19,0.2,0.22,0.21,0.06,0.17,0.32,0.22,0.49,0.28,,0.05,,,0.07,,0.12,,,0.05,0.25,0.04,0.14,0.05,,,0.1,,,,,,,,,0.19,,0.17,,0.04,0.05,,0.02,0.05,,,,0.04,0.07,0.04,0.03,0.06,,,0.09,0.03,0.08,,,0.04,0.03,,0.06,,,,,,0.07,,,,,,1.36,4.03,2.49,0.34,1.31,21.4,1.64,0.55,0.69,,0.86,0.67,0.55,0.59,0.95,0.48,0.06,0.06,0.1,0.09,0.08,,0.06,,0.13,0.04,0.06,,,0.11,,0.16,,0.07,,,,,,,,0.06,,,,,,,0.07,0.05,,,,,,,0.05,,,,,,,,,,,,,,,,,,,,,,,,,,,,,,,,,,,,,,,,,,,,,,,,,0.06,,,,,,,,0.04,,0.03,0.05,0.03,,,,,,,,,,0.01,,,,,,,,,,,,,,,,,,,,,,,,,,,,,,0.07,,,,,,,,,,0.03,,,,,,,0.02,,,,,,,,0.04,0.03,,,,,,,0.02,,,,,,,,,,,,,,,,,,,,,,,,,,,,,0.03,,,,,0.01,,,,
Rizhaoshi_371100,0.1,0.16,0.13,,0.07,0.59,0.24,0.07,0.03,0.05,0.14,,0.19,0.02,0.05,0.03,0.67,1.38,0.02,0.24,0.49,0.04,0.25,0.1,0.03,,,,,,0.1,,0.03,,,,,0.17,0.03,0.02,0.01,,,0.05,0.02,,,,0.04,,,0.05,,,0.09,0.1,,,0.07,,,0.07,0.14,0.03,,,,0.09,0.5,,,,,0.1,0.05,0.56,0.05,,0.13,5.56,0.3,0.27,0.09,0.05,0.07,0.58,,,,,,,,,0.11,,,0.04,,0.14,0.04,0.03,0.17,,0.04,,0.06,0.09,0.15,,0.14,,0.04,,,,,,,,,0.05,,,,,,,,,,,,2.31,7.28,2.21,1.92,1.5,1.78,7.78,2.06,1.79,1.38,,17.0,0.46,0.89,0.89,1.06,0.07,0.13,0.07,0.08,0.3,0.14,0.23,0.23,0.27,0.09,0.04,,,0.3,0.09,0.1,0.08,0.09,,,,,,,,,,,,,,,,,,,,,,,,,,,,,,,,,,,,,,,,,,,,,,,,,,,,,,,,,,,,,,,,,,,,,,,,,,,,,,,,,,,,,,,,,,,,,,,,,,0.01,,,,,,,,0.01,,,,,,,,,,,,,,,,,,,,,,,,,,,,,,,,,,,0.01,,,0.04,,,0.06,,,,,,,,,,,,,,,,0.05,,,0.04,,,,,,,,,0.02,0.06,,,,,,,,,,,,,,,,,,0.01,
Linyishi_371300,0.34,0.37,0.31,0.26,0.13,0.37,0.42,0.28,0.14,0.12,0.42,0.24,0.37,0.05,0.05,0.13,0.16,0.23,0.09,0.1,0.15,0.05,0.07,0.04,0.05,,,0.31,0.14,0.13,0.23,0.03,0.06,0.11,,,0.06,0.31,0.06,0.1,,0.13,0.13,0.07,0.11,0.08,0.11,0.06,0.06,0.17,0.06,0.09,0.04,,0.1,0.17,0.22,0.09,0.23,0.29,0.17,0.15,0.07,0.1,0.18,0.06,0.14,,1.51,0.14,0.11,0.73,0.68,0.35,0.33,6.52,0.28,0.42,0.68,12.31,0.89,1.02,0.45,0.36,0.28,2.4,0.22,0.35,0.2,0.3,0.41,0.12,0.23,0.15,0.17,0.2,,0.13,0.08,0.39,0.11,0.13,0.45,0.08,0.13,0.15,0.27,0.29,0.83,0.09,0.35,0.05,0.12,,,,0.04,,0.05,,,0.06,,0.07,,0.1,,,0.12,,,,0.05,6.18,10.3,6.37,18.62,4.22,4.3,8.15,8.41,8.66,3.26,32.75,,1.55,1.88,2.09,3.06,0.1,0.2,0.17,0.08,0.18,0.09,0.2,0.26,0.39,0.16,0.09,0.05,0.19,0.5,0.14,0.24,0.14,0.21,0.03,,,0.06,0.09,,,,,0.07,,,,,,,,,,,,,,0.05,,,,,,,,,0.03,,,0.05,,,0.07,,,,,,,,,,,0.09,0.04,,0.03,0.03,,,0.05,,0.02,,,,0.03,0.01,,0.02,,,,,,,,,,,,,,,,0.03,0.05,0.07,,,,0.02,,,,0.02,,,0.01,,,,,,,,,,,,,,,,,,,,,,,,,0.02,,,,,,0.04,,0.1,,0.05,,,,0.06,0.03,,,,,0.03,,,,0.05,0.05,0.11,0.15,,,,,0.03,,,,,,,,,,0.02,,,,,,0.04,,0.07,,0.05,0.01,,0.04,,0.02,,,0.09,0.02,,0.05,0.04,0.02,0.03,0.02,0.03,,,,,,,
Dezhoushi_371400,0.83,4.2,0.62,0.48,0.21,0.49,1.78,0.55,0.29,0.17,7.22,0.57,14.27,0.09,0.11,0.39,0.11,0.1,0.07,0.12,,0.13,,0.09,0.12,0.04,,0.19,0.17,0.05,,0.07,0.12,0.06,0.1,0.02,0.08,0.09,0.07,0.04,0.03,0.09,0.08,0.04,0.1,,0.09,0.07,0.12,0.14,0.03,0.02,0.05,0.07,0.06,0.1,,0.06,,0.21,0.17,0.15,,0.03,0.07,,0.08,0.19,0.14,0.14,0.05,,,0.05,,0.16,0.05,,0.08,0.1,0.04,0.04,0.04,0.03,,0.06,,,,,,,,,0.14,,,,0.05,0.03,0.03,,0.03,,0.06,,0.03,0.07,0.08,0.03,0.08,,0.03,,,,,,,,,,,,,,,,,,,,,13.62,2.17,2.32,0.79,4.59,1.23,1.81,1.26,2.36,0.97,0.68,0.87,,9.57,5.56,1.04,0.04,0.07,0.08,0.05,0.18,0.1,0.1,,0.43,0.06,0.06,0.05,,0.14,,0.09,,0.04,,,,,,,,,,,,,,,,,,,,,,,,,,,,,,,,,,,,,,,,,,,,,,,,,,,,,,,,,,,,,,,,,,,,,,,,,,,,,,0.03,,,,,,0.03,,,,,,,,,,,,,,,,,,,,,,,,,,,,,,,,,,,,,,,,0.03,,,,,,,,,0.04,0.06,,,,0.09,,,,0.04,,,,,0.12,,,,,,,0.07,0.07,0.04,,,,0.03,,,,0.03,,,,0.01,,,0.07,0.04,0.02,0.04,0.01,,0.02,,,0.04,,,,0.02,0.02,,0.02,0.02,,,,,,0.01,
Liaochengshi_371500,0.75,0.84,0.55,0.19,0.13,5.39,5.58,0.4,0.16,0.1,0.56,0.33,0.71,0.1,0.04,0.46,0.39,0.08,0.08,0.19,0.18,0.15,0.17,0.21,0.05,0.03,,0.15,0.07,0.05,,,0.06,0.06,0.03,,0.05,0.09,0.04,0.05,,0.07,0.07,,0.11,0.04,0.04,0.02,0.06,0.09,0.02,,0.06,0.01,,0.05,0.03,0.07,0.04,0.09,,0.07,0.14,,,,0.02,,0.21,0.19,0.08,0.24,0.1,0.08,0.11,0.28,0.08,0.13,0.14,0.18,0.04,0.09,0.1,0.03,0.11,0.09,,,,,,,,,,,,0.04,0.05,0.05,0.03,,0.06,0.02,,0.05,0.03,0.17,0.08,0.05,0.12,,,,,,,,,,,,,,,,,,,,,,,7.43,1.9,1.63,0.63,2.17,1.17,1.64,1.83,3.71,1.26,0.83,0.94,7.93,,1.35,2.75,0.13,0.24,0.19,0.1,0.62,0.26,0.28,0.19,19.64,0.17,0.1,0.06,0.17,0.32,0.1,0.13,0.11,0.23,,,0.06,,,,0.05,0.04,,,,,,,,,,,,,,,,,0.04,,,,,,,,,,,,,,,,,,,,,,,,,,,,,,,,,,,,,0.03,,,,,,0.06,,,0.04,,,,,,,,,,,,,0.03,,,,,0.04,,0.01,,,,,,,,,,,,,,,,,,,,,,,,,,,,,,,0.07,,,,,,,,0.05,,,0.05,,,,0.05,0.04,,0.04,,0.04,,0.04,0.07,0.07,0.15,0.11,,,,0.01,,,,,0.03,,0.05,,0.05,0.02,,,,0.02,,0.01,,,,0.02,0.02,,,0.06,,0.02,,0.07,0.01,0.02,,0.04,,,,,,0.02,,,,0.17,
Binzhoushi_371600,0.26,1.46,0.26,0.44,0.26,0.29,0.25,0.3,0.13,0.2,2.56,0.22,0.38,0.03,0.07,0.49,0.13,,0.28,0.09,,0.24,0.09,0.05,,0.03,,0.1,0.16,0.06,0.13,0.03,0.03,0.31,0.04,0.03,0.05,0.11,0.07,0.04,0.01,,0.12,0.12,0.07,0.06,0.07,0.03,0.12,0.12,0.03,0.07,0.03,0.02,0.04,0.05,0.05,0.02,0.04,0.22,0.44,,0.21,0.03,0.17,,0.08,,0.36,0.09,0.23,,,,,0.1,,,,0.14,0.05,0.08,0.05,,,0.13,,,,,,,,,,,,,,,,,0.02,,,,,,0.04,,,,,,,,,,,,,,,,,,,,,,,,,4.05,1.68,19.41,0.53,23.79,1.68,3.11,0.91,1.43,1.01,0.82,0.89,4.81,1.5,,0.63,,,,,0.05,0.09,0.12,0.09,0.19,,0.05,,,0.08,,,,,,,,,,,,,,,,,,,,,,,,,,,,,,,,,,,,,,,,,,,,,,,,,,,,,,,,,,,,,,,,,,,,,,,,,,,0.04,,,,,,,,,,,,,,,,,,,,,,,,,,,,,,,,,0.01,,,,,,,,,,,,,,,,,,,,,,,,,,,,,,,,,0.05,,,,,,,,0.05,,0.08,,,,,,0.02,,,,,,,,,,,,,,,,0.17,,,,,,,,,0.03,,0.14,,,,,,,0.02,,,,0.01,,,,
Hezeshi_371700,0.86,0.96,0.3,0.2,0.22,0.74,0.36,0.28,0.09,0.12,0.33,0.35,0.21,0.1,0.06,0.12,0.33,0.4,0.05,0.1,0.38,0.11,0.23,0.08,0.06,0.02,0.07,0.08,0.04,0.08,0.2,0.03,0.04,,0.13,,0.08,0.11,0.03,0.05,0.04,0.03,0.05,0.03,0.02,0.03,0.03,0.03,0.05,0.05,0.04,0.05,,0.04,0.04,0.02,0.06,0.05,,0.12,0.1,0.07,,0.03,,0.19,0.02,0.09,0.36,,0.07,,0.68,0.24,0.39,1.8,0.21,0.6,0.38,0.41,0.19,0.2,0.18,0.12,0.22,0.29,0.17,0.3,0.12,0.23,0.12,0.21,0.14,0.1,0.21,0.1,,0.15,0.2,0.24,0.12,0.07,0.35,0.08,0.11,0.21,0.11,0.46,1.19,0.19,0.55,0.09,0.09,0.07,0.03,,0.04,,0.03,0.04,,0.05,0.08,0.09,,,0.07,0.07,0.12,,,,0.06,7.74,4.32,1.93,2.66,2.67,2.03,2.28,15.72,4.14,2.01,1.58,2.04,1.4,3.75,1.37,,0.48,4.67,0.52,0.27,1.01,0.42,1.42,0.56,5.46,0.34,0.23,0.37,0.44,6.67,0.33,0.6,0.3,0.4,0.05,0.05,0.12,,0.15,,0.05,0.09,0.04,0.05,0.12,0.18,0.06,0.04,0.04,,,,,,,,,0.05,,0.04,,,,,0.03,,,,,,,,0.07,0.01,,,,,,,,,,,,,0.03,,0.07,,,,0.02,,,,,,,0.03,0.02,,,0.02,,0.03,,,0.05,,,,0.06,,,,,,,,,,,,,,0.06,,0.02,0.01,0.03,,0.05,,,,,,0.0,,,,,,,,,,0.04,,,,,,,,,0.04,,,,,,,,0.02,0.07,,0.11,0.08,0.02,,,0.14,0.06,0.09,0.05,0.12,0.12,0.09,0.14,,0.05,,0.01,,0.04,0.04,0.08,0.06,0.03,,0.07,,0.05,0.04,0.01,0.07,0.03,,0.05,,,,0.08,0.02,0.02,0.03,,0.03,0.04,,0.02,0.07,0.02,0.02,0.14,,0.02,0.04,,0.03,0.02,,,,,0.01,
Zhengzhoushi_410100,0.64,0.3,0.47,0.23,0.17,1.54,0.54,0.36,0.22,0.12,0.34,0.19,0.3,0.21,0.14,0.24,2.03,4.94,0.19,0.36,1.86,0.14,0.91,0.23,0.16,0.11,0.1,0.26,0.07,0.1,0.1,0.12,0.07,0.03,0.08,0.14,0.12,0.12,0.08,0.03,0.02,0.18,0.09,0.06,0.06,0.06,0.08,0.04,0.12,0.18,0.06,0.07,0.03,0.02,0.03,0.1,0.03,0.09,,0.36,0.2,0.07,,0.06,0.07,0.06,0.06,,0.21,0.04,0.05,,0.5,0.24,0.19,0.56,0.21,0.3,0.26,0.35,0.18,0.24,0.17,0.14,0.23,0.31,0.27,0.27,0.24,0.17,0.19,0.1,0.28,0.16,0.08,0.2,0.09,0.2,0.2,0.27,0.17,0.13,0.33,0.07,0.32,0.18,0.18,0.98,0.41,0.18,0.96,0.09,0.1,0.15,0.13,,0.09,0.18,0.08,0.15,0.05,0.18,0.13,0.17,0.14,0.18,0.13,0.13,0.13,0.08,0.1,0.14,0.07,0.22,0.26,0.17,0.27,0.11,0.23,0.27,0.5,0.31,0.3,0.22,0.37,0.22,0.57,0.14,2.67,,45.03,26.47,22.44,12.83,14.51,29.24,26.68,9.59,33.85,15.17,12.27,18.49,21.03,12.68,26.82,17.99,14.38,0.19,0.15,0.46,0.2,0.61,0.08,0.22,0.53,0.12,0.15,0.23,0.5,0.41,0.13,0.17,0.25,0.06,0.11,0.05,0.11,0.07,0.07,0.1,0.11,0.19,,0.12,0.11,0.12,0.05,0.05,0.1,0.09,0.12,0.1,0.1,0.06,0.02,0.16,,0.03,0.04,0.06,0.05,0.04,,0.04,0.06,0.06,0.17,0.05,0.02,0.09,0.08,0.15,0.03,0.14,0.14,0.03,0.03,0.03,0.04,0.06,0.02,0.01,0.12,0.12,0.42,,0.04,0.19,0.1,0.09,0.07,0.07,0.02,0.09,0.16,0.02,,0.06,0.08,0.22,0.19,,0.25,0.07,0.02,0.09,0.04,0.03,0.11,0.28,0.05,0.03,0.03,0.12,0.06,0.04,0.07,0.1,0.05,0.15,0.02,0.05,,0.11,0.06,0.04,0.1,0.04,0.05,,0.03,,0.04,0.1,0.03,0.05,0.06,0.03,0.02,,0.1,0.03,0.1,0.06,0.56,0.1,0.05,,0.02,0.33,0.09,0.07,0.04,0.1,0.09,,0.37,0.15,0.26,0.22,0.31,0.19,0.32,0.13,0.44,0.27,0.15,0.11,0.13,0.06,0.2,0.07,0.18,0.16,0.13,0.16,0.07,0.07,0.13,0.02,0.19,0.06,0.04,0.08,0.01,0.08,0.07,0.29,0.13,0.04,0.06,0.18,0.15,0.25,0.05,0.1,0.29,0.1,0.13,0.27,0.14,0.02,0.33,0.08,0.11,0.06,0.06,0.05,0.05,,0.03,
Kaifengshi_410200,0.19,0.16,0.15,0.1,0.04,0.56,0.18,0.16,0.05,,0.12,0.1,0.1,0.09,0.03,0.04,0.38,0.72,,0.09,0.24,0.05,0.09,0.05,0.03,0.02,,,,0.04,,,0.01,,,,,,,,,,,,,0.01,,0.01,,,0.02,,,,,,,,,0.06,,,,,,,,,,,,,0.26,0.11,0.15,0.26,0.15,0.32,0.14,0.13,0.07,0.08,0.11,0.06,0.18,0.16,0.16,0.24,,0.16,0.06,0.14,0.16,,0.1,0.16,0.05,0.09,0.13,0.13,0.09,0.06,0.22,,0.06,0.1,0.08,0.41,0.24,0.07,0.54,,,0.05,0.05,,,0.07,,,,0.11,,,,,0.05,,,0.18,,,0.04,0.12,0.13,0.06,0.13,0.06,0.07,0.12,0.29,0.12,0.1,0.08,0.19,0.12,0.33,0.06,4.48,11.68,,2.51,2.05,1.94,1.54,5.47,2.27,2.13,5.85,2.3,1.2,1.62,8.24,1.36,4.96,2.04,1.91,0.04,,0.21,,0.14,0.04,,0.06,,,,0.06,0.08,0.05,0.11,0.04,,,,,,,0.04,,,0.02,,,,,,,,,,,,,,0.02,,,,,,0.03,,,,,,0.01,,,,0.02,,,,,0.01,,,,,0.03,,,,0.03,,,,0.01,0.07,,,,,,,0.03,,,,,,,,,,0.02,,,,,,0.01,,,,,0.07,,,,,,,,,,,,,,,,,,,,,,,,,,,0.05,,,0.04,0.03,,,,,,0.11,0.04,0.05,0.05,0.09,,0.08,0.05,0.07,0.11,0.04,,0.03,,0.06,,,0.04,0.05,0.04,0.02,,,0.01,0.04,,0.04,,,,,0.08,,,,0.02,,0.05,,0.02,,0.01,,0.05,,,0.04,0.05,0.02,0.02,0.04,0.01,,,0.05,
Luoyangshi_410300,0.29,0.16,0.18,0.09,,0.49,0.23,0.15,0.07,0.02,0.15,0.1,0.08,0.19,0.05,0.13,0.74,1.84,0.05,0.2,1.69,0.09,0.55,0.15,0.07,0.06,0.08,,,0.05,,,,0.03,0.08,0.05,0.02,0.12,,,0.02,,,,0.03,0.01,0.02,,,0.09,,0.04,,,,0.02,,,0.02,,,,0.14,,0.07,,,,,,0.09,,0.27,0.11,0.19,0.17,0.14,0.3,0.17,0.16,0.06,0.13,0.11,0.07,0.2,0.11,0.12,0.18,,0.11,0.13,0.08,,,0.12,0.12,0.1,0.08,0.08,0.15,0.09,0.04,0.14,0.04,0.1,0.13,0.1,0.31,0.12,0.1,0.32,0.05,0.11,0.05,0.03,,0.04,,0.05,,0.04,0.19,0.07,0.07,,,,,,0.07,,,,0.12,0.1,0.1,0.12,0.09,0.12,0.11,0.2,0.08,0.1,0.16,0.11,0.06,0.26,0.05,0.48,7.94,2.62,,12.22,1.54,1.8,3.11,9.14,1.08,3.76,2.47,35.28,6.27,2.09,1.46,2.95,2.41,20.25,0.04,0.05,0.42,0.06,0.48,0.03,0.13,0.1,,0.1,0.08,0.17,0.14,0.05,0.04,0.18,,0.03,,0.02,,,0.04,0.07,0.04,0.02,0.05,0.04,0.1,,,,,,,,,,,,,,,,0.03,,0.02,,,,,,,,,,,,0.02,,,0.03,,,,,0.02,0.07,,0.05,0.09,,,,,0.02,,0.16,,,,0.05,,,,0.13,0.04,0.02,0.02,,0.03,0.02,0.16,,0.02,,0.03,0.01,,0.03,,0.01,0.03,0.02,,,0.03,0.02,,,,0.02,,,,,0.03,,,0.01,0.04,,,,,,,,,,0.02,,0.04,0.03,,0.04,,,,0.47,0.19,0.17,0.18,0.38,0.18,0.22,0.16,0.21,0.23,0.1,0.04,0.11,0.05,0.12,,,0.09,0.09,0.19,0.06,0.11,0.03,0.01,0.05,0.02,,,,,,0.13,0.11,0.02,,0.08,0.05,0.03,,,0.31,0.02,0.04,0.07,0.04,,0.02,,0.01,0.0,0.06,,,,0.07,
Pingdingshanshi_410400,0.13,,0.07,,,0.14,0.07,0.05,,0.03,,0.03,,0.03,0.02,0.04,0.24,0.32,0.04,0.05,0.36,0.04,0.3,0.05,0.02,,0.02,0.06,,0.04,,,0.03,,0.05,0.06,,,,,,,,,,,0.03,,,,,,0.01,,,,,,,,0.06,,,,,,,,,,,,0.12,0.06,0.09,0.09,0.11,0.33,0.09,0.04,0.04,,0.07,0.03,0.06,0.04,0.09,0.15,0.13,0.09,0.08,0.27,0.1,,,0.18,0.05,0.04,0.06,0.04,0.07,,0.07,0.05,0.09,,0.08,0.59,0.05,0.05,0.33,,0.03,0.05,0.03,,,0.08,0.04,0.05,,0.08,,,,,0.07,,,,,,,,0.04,0.03,0.04,,0.05,0.05,0.07,0.07,0.11,0.03,,0.03,0.08,0.04,0.17,4.72,1.45,8.07,,0.58,0.48,1.14,1.1,0.44,12.99,14.06,1.7,7.13,1.03,1.36,2.72,4.65,2.07,0.03,,0.14,0.06,0.27,0.05,0.11,0.13,0.05,0.06,,0.19,,0.06,0.1,0.06,,,,,,0.04,0.04,,0.06,,,,,,,,,,,,,,,,,0.03,0.02,,,,,,,,0.03,,,,,,,,,0.01,,,,,,,,,,,,,,0.03,,,,0.06,,,,,,,,,,,,,,,,,,,,,,,0.04,,,,,,,,,,,,,,,,,,,,,,,,,,,,,,,,,0.03,0.07,,0.02,,,0.06,0.04,,0.07,0.08,0.04,,0.05,0.17,0.09,,,,,0.06,,0.07,,0.04,0.04,0.03,,,,0.05,,,,0.01,,,0.07,0.02,,0.02,,,0.02,,,0.07,0.03,,0.05,,,0.05,0.02,0.01,0.0,,,,,,
Anyangshi_410500,0.5,0.45,0.55,0.21,0.05,8.72,0.77,0.3,0.16,0.08,0.21,0.16,0.28,0.51,0.15,1.08,5.46,2.18,0.16,0.52,0.32,0.21,0.69,0.25,0.05,0.07,0.04,0.05,0.06,0.06,0.13,0.03,0.08,0.03,0.09,0.03,0.02,,0.02,0.01,,,0.05,,0.06,,0.02,0.02,0.04,0.09,,,,,0.04,0.05,,0.03,,,,,0.14,,,,,,0.07,,0.03,,0.12,0.07,0.12,0.16,0.07,0.12,0.06,0.14,0.08,0.06,0.07,0.05,0.35,0.13,0.06,,,,,0.09,,,0.06,,,0.04,0.06,0.06,0.03,,0.06,0.03,0.04,0.07,0.06,0.14,0.07,0.08,0.14,,0.03,,,,,,,,,0.08,,,,,,,,0.25,,,,0.16,0.19,0.07,0.17,0.06,0.15,0.14,0.23,0.24,0.18,0.33,0.12,0.19,0.78,0.1,1.37,4.46,1.51,1.47,0.75,,40.74,11.51,2.48,19.53,0.88,0.63,0.64,0.66,0.9,0.46,0.6,0.63,1.24,0.04,,0.1,0.06,0.13,,,0.1,0.04,,,0.09,,,,,,,,,,,,,,,,,,,,,,,,,,,,,,,,,,,,,,,,,,,,,,0.06,,,0.01,,,,0.01,,,0.06,,0.02,,,,,,0.02,,,,,,,,,,,,,,,,0.02,0.04,,,,,,,,,,,0.01,,0.02,,,,,,,,,,,,,,,,,,,,,,,,,,,,0.03,0.07,,0.02,,,0.1,0.02,0.06,0.04,0.07,0.12,,0.13,0.11,,,0.02,,,0.09,0.08,,0.05,,0.05,0.02,0.05,,,0.02,0.03,,,,,,,0.03,0.03,,0.02,,,,,,0.01,,,,,0.04,0.08,,,0.02,0.07,0.02,,0.03,
Hebishi_410600,0.09,0.09,0.05,,,0.55,0.09,0.06,,,,0.04,,0.04,,0.09,0.24,0.2,,0.06,,,0.06,0.05,,,,0.04,,,0.1,,,,,,,,,,,,,,,,,,,,,,,,,,,,,,,,,,,,0.02,,,0.04,,,,,,,,0.06,,,,0.04,,,0.21,,,,,,,,,,,,,,,,,,0.02,,,,,,0.04,,,,,,,,,,,,,,,,,,,,,0.09,,,,0.03,,,,0.02,,,,0.04,,0.03,,,0.14,0.03,0.27,1.35,0.42,0.42,0.19,16.61,,5.15,0.86,3.23,0.25,0.13,0.21,0.22,0.26,0.13,0.25,0.16,0.45,,,,,,,,,,,,,,,0.02,,,,,,,,,,,,,,,,,,,,,,,,,,,,,,,,,,,,,,,,,,,,,,,,,,,,,,,,,,,,,,,,,,,,,,,,,,,,,,,,,,,,,,,0.02,,,,,,,,,,,,,,,,,,,,0.04,,,,,,,,,,,,,,,,,,,,,,,0.03,,,,,,0.01,,,,,,,,,,,,0.01,,,,,0.01,,,,,,,0.01,0.02,,,,,,,,0.02,,,,,,,0.06,,,,
Xinxiangshi_410700,0.28,0.24,0.28,0.14,0.08,1.1,0.35,0.17,0.12,0.02,0.14,0.11,0.19,0.14,0.08,0.1,1.18,4.1,0.09,0.28,0.45,0.1,0.4,0.11,0.05,0.06,0.03,0.16,0.04,0.06,,,0.04,0.04,0.08,,0.03,0.07,0.03,0.07,,0.03,,,0.05,,0.02,0.05,0.11,,0.03,,,,0.05,0.02,0.02,0.02,0.09,,0.1,,0.14,,0.04,,0.02,,0.07,,0.03,,0.17,0.08,0.12,0.21,0.11,0.23,0.18,0.16,0.07,0.13,0.07,0.14,0.3,0.09,0.09,0.1,,0.1,0.12,,,0.06,0.21,,,0.06,0.07,0.12,0.04,0.09,0.08,0.1,,0.09,0.07,0.21,0.15,0.07,0.11,0.04,0.1,,,,,,,,,0.07,,,,0.15,,,,0.3,,,,0.12,0.15,0.11,0.12,0.09,0.1,0.17,0.26,0.15,0.08,0.16,0.17,0.11,0.56,0.13,1.73,9.59,5.8,2.78,1.6,13.64,13.51,,15.83,4.91,2.33,1.48,1.27,1.55,2.38,1.1,1.75,1.4,4.63,0.06,0.1,0.14,0.1,0.16,0.03,0.1,0.13,0.05,,0.05,0.06,,0.05,0.08,0.09,,0.03,,,0.04,,,0.07,,,,,,0.04,,,0.08,,0.05,,,,0.05,,,,0.02,,,,,,,0.05,,0.03,0.03,0.06,,,0.04,0.08,,,,,,,,,0.02,,,0.03,,0.07,0.02,,,,,,,0.04,,,,,,,0.02,0.02,0.02,,0.02,0.05,0.03,0.01,,0.02,,,,,0.06,,0.05,,0.0,,0.03,,0.03,0.03,,,,,,,,,,0.02,,0.07,0.02,,0.01,,,,0.04,,0.02,,0.04,0.03,0.03,0.04,,0.04,,0.12,0.09,0.12,0.06,0.1,0.1,0.11,0.17,0.08,0.08,0.05,0.04,0.03,,0.06,0.03,,0.08,0.04,0.06,0.03,,0.04,,0.1,0.01,0.02,0.02,,,,0.06,0.05,0.02,,0.02,0.03,0.03,,0.04,0.07,0.05,,0.1,,0.02,0.02,0.05,,0.01,0.04,0.02,,,,
Jiaozuoshi_410800,0.16,0.08,0.15,,,0.44,0.21,0.1,0.04,,0.11,0.04,0.11,0.11,0.1,0.1,1.29,6.82,0.11,0.15,0.48,0.06,0.42,0.08,0.08,0.03,0.02,,,0.08,,,0.07,0.01,,,,,,0.02,0.01,0.03,,0.05,,,,0.01,0.04,0.07,,,0.01,,0.02,,,0.02,,,0.1,,0.07,,0.05,0.12,,,,,0.43,,0.11,,0.05,0.13,0.04,0.1,0.06,0.07,0.03,,0.03,0.04,0.17,,,,,,,,,,,,,0.03,,0.06,,0.02,0.05,0.02,,,0.05,0.15,0.07,0.04,0.14,0.04,0.02,,0.04,,,,0.05,,0.03,,,0.08,,,,,,,,,,0.04,0.04,0.03,0.07,0.1,,0.07,0.15,0.05,0.05,0.11,0.07,0.06,0.26,0.05,0.62,5.42,1.73,6.0,1.11,1.92,2.27,10.19,,1.0,1.48,1.03,1.54,0.99,1.18,0.74,1.05,0.97,26.85,,,0.08,0.06,0.07,,0.12,0.07,,,,,,,0.1,0.06,,,,,,,,,0.08,,,,,,,,,,,,,,,,,,,,,,,,,,,,,,,,,0.04,,,,,,,,,0.03,,,,0.14,0.09,,,,0.02,0.03,,0.02,,,,,,,,,,,,0.02,,,,,,,,,,,,,,,,,,,,,,,0.04,,,,,,,,,,,0.03,,,0.07,,,,,,0.03,,,,,,0.12,0.06,0.09,0.06,0.08,,0.06,0.15,0.08,0.08,,,0.05,0.02,,,0.09,,,,,,,,,,0.02,0.02,0.08,,,0.07,0.03,0.03,0.02,0.02,,,,0.02,0.04,0.01,,,,,0.03,,0.01,,,,,,0.03,
Puyangshi_410900,0.39,0.45,0.17,0.16,,3.23,0.29,0.18,0.05,0.04,0.16,0.16,0.16,0.07,0.02,0.17,0.38,0.23,,0.09,0.12,,0.12,0.08,,0.03,0.04,,,0.11,0.1,,0.02,,0.03,,,,0.02,,0.01,,0.03,,0.02,,0.05,0.02,,,0.02,0.04,0.02,0.02,,,,,,0.07,,,,,,0.06,0.04,,0.14,,,,0.11,0.05,0.09,0.14,0.05,0.21,0.07,0.06,,0.07,0.07,0.04,0.18,0.1,,,,0.07,0.04,,,,,,,0.04,0.05,0.03,0.05,,0.02,,,0.18,0.03,0.06,0.04,0.04,0.09,,,,,,,,,,,,,,,,,,,0.07,,,,0.38,0.43,0.18,0.07,0.37,0.26,0.31,0.58,0.41,0.33,0.19,0.16,0.31,12.7,0.21,2.94,2.21,1.07,0.7,0.27,12.79,5.4,2.28,0.73,,0.45,0.32,0.21,0.41,0.74,0.34,0.36,0.35,0.46,,,,,,,,,,,,0.06,,,0.07,,,,,,,,,,,,,,,,,,,,,,,,,,,,,,,,,,,,,,,,,0.02,,,,,,,,,,,,,,0.02,,0.06,,,0.03,0.04,0.03,,,,,,,,,,,,,,,,,,,,,,,,0.15,,,,,,,,,,,,,,,,,,,,,,,,,,,,,,,,,,,,,,,0.04,,,,0.04,0.08,,0.06,0.07,0.02,,,0.03,,,,,0.04,,,0.02,,,,,0.01,,,0.03,,,,,0.08,,,,,0.01,0.02,,,,0.09,0.04,,,,,0.01,0.02,,,,0.03,0.3
Xuchangshi_411000,0.15,,0.09,0.05,,0.2,0.12,0.15,0.07,,0.07,0.06,0.08,0.04,0.04,0.04,0.16,0.45,0.03,0.06,0.28,,0.16,0.02,0.03,0.02,,,,,,,0.02,,,,,,,0.01,0.01,,,,,,,0.01,0.03,,,,,,0.03,,,0.03,,,,,,,,0.06,,0.09,,,,0.24,0.14,0.05,0.07,0.12,0.07,0.13,0.06,0.08,0.02,0.06,,0.03,0.1,0.06,0.07,0.09,,0.07,0.06,0.07,,0.06,0.11,0.17,,0.04,0.04,0.07,0.04,0.03,0.06,,,,0.04,0.33,0.05,0.07,0.59,,,,0.06,0.07,0.04,,,,,0.06,,,0.06,,,,,0.06,,,,0.04,0.05,0.04,0.1,,0.06,0.05,0.12,0.06,,0.05,0.06,0.05,0.09,0.05,0.28,6.9,4.52,2.29,16.03,0.67,0.74,1.43,1.38,0.78,,15.97,0.95,2.35,1.4,1.38,4.73,2.15,1.07,0.04,0.05,0.31,0.07,0.26,0.03,0.1,0.08,,,0.05,0.18,,,,0.05,,0.04,,,,,,0.05,,,,,,,,,,,,,,,,,,,,,0.02,,,,,,,,,,,,,,,,,0.03,,,,,,,,,,,,,,,,,,0.04,,,,,,,,,,,,,0.04,,,,,,,,,0.03,,,,,,,,,,,,,,,,,,,,,,,,,,,,,,,0.08,,0.07,0.04,,,,0.13,0.04,0.11,0.05,0.09,0.04,,0.07,0.14,0.04,0.04,,,,,,,0.03,0.04,,0.02,,,,0.04,,,,,,,0.03,,0.07,,,,0.05,0.01,,0.07,0.03,0.02,0.06,,,,0.02,0.03,0.01,0.04,,,,,0.07
Taheshi_411100,0.09,,,,,0.07,0.07,0.08,0.03,,,,0.04,,,,,0.11,,0.03,0.12,,0.06,,,,,,,,,,,,0.02,,,,,,0.01,,,,0.05,,,,,,,,,,,,,,,,,,,,,,,,,,,,0.09,0.05,0.06,,0.06,0.08,,,,0.04,,0.04,0.05,,,,,,0.07,0.06,,,0.05,,,0.03,0.06,0.06,0.03,0.03,0.06,0.02,0.06,,0.04,0.2,0.03,0.05,0.07,,0.04,,,,0.03,,,,,,,,,,,,,,,,,,,,0.03,,0.04,,,,,,,0.03,,,0.06,2.47,0.71,1.03,8.45,0.32,0.31,0.59,0.48,0.2,9.14,,0.48,1.43,0.53,1.38,5.27,9.07,0.71,0.08,,0.15,,0.15,,,0.06,,,,0.18,,,,,,,,,,,,,,,,,,,,,,,0.04,,,,,,,,,,,,,,0.04,,,0.01,,,,,,,,,,,,,,,,,,,,,,,,,,0.03,0.02,,,,,,,,,,,,,,,,,,,,,,,,,,0.02,0.01,,,,,,,,,,,,,,,,,,,,,,0.05,,,,,,,0.03,,,,,0.05,0.05,,0.02,0.03,0.03,,,,0.03,,,,,,,0.03,0.02,,,,,,,,,0.04,,,,,0.09,,,,,,,,0.02,,,,0.05,,,,,,,,,,,,
Sanmenxiashi_411200,,,,,,0.06,0.04,,,,,,,0.04,,,0.13,0.21,,0.11,6.97,0.02,0.38,0.09,,,0.02,,,,,,,,,,,,,,,,,,,,,,,,,,,0.01,,0.05,,,,,0.05,0.07,,,,0.06,,,,,,,,,0.04,0.07,,0.13,,,,,0.04,,0.08,,,,,,,,,,,,,,,,,,,,,,0.03,0.07,,,,,,,,,,,,,,,,,,,,,,,,,,,,,,0.07,0.04,0.04,0.06,,0.06,,,,0.05,0.03,0.15,1.7,0.46,11.33,0.82,0.23,0.22,0.62,0.8,0.19,0.49,0.34,,1.4,0.39,0.19,0.32,0.25,1.31,,0.05,0.41,0.16,0.17,,,,,,,0.06,,,,,0.06,,,,,,,,,,,,,,,,,,,,,,,,,,,,,,,,,,,,,,,,,,,,,,,,,,,,,,,,,,0.05,,,0.04,,,,,0.05,,,,,,,,0.02,0.04,0.05,0.02,0.02,,0.03,0.01,,,0.04,0.01,0.13,,0.03,0.03,0.02,,,,,,,,,,,,,,,,,,,,,,,,,,,,,,,,,0.44,0.15,0.26,0.15,1.32,0.11,0.33,0.1,0.33,1.53,0.04,0.2,,0.03,0.13,0.04,0.09,0.07,0.03,0.06,,0.09,0.03,0.01,0.03,0.04,,,,,,,,0.02,0.01,0.01,0.02,0.02,,,,0.06,0.02,,0.02,,,,,,0.02,0.02,,,0.01,
Nanyangshi_411300,0.26,0.21,0.17,0.09,,0.23,0.17,0.18,0.07,0.04,0.12,0.11,0.06,0.06,0.08,0.1,0.33,0.58,,0.07,0.67,0.08,0.31,0.09,,0.06,,0.04,0.04,0.06,,0.03,0.06,,,0.06,,0.08,0.02,,0.02,0.03,0.03,0.03,,,0.02,,0.08,,,0.04,0.01,0.04,,,,0.03,0.04,,,0.07,,,,,,,0.14,,0.08,,0.31,0.14,0.2,0.24,0.14,0.32,0.17,0.14,0.03,0.04,0.12,0.06,0.08,0.11,0.31,0.36,0.28,0.24,0.22,0.32,0.26,0.12,0.36,0.29,0.06,0.14,0.14,0.08,0.15,0.07,0.13,0.05,0.13,0.08,0.11,0.48,0.11,0.14,0.24,0.05,0.05,0.16,0.11,0.13,0.05,0.21,0.06,0.05,0.04,0.11,0.11,0.06,0.09,0.15,0.03,,0.1,0.1,0.09,,0.08,0.07,0.11,0.07,0.05,0.08,0.09,0.13,0.2,0.07,0.19,0.04,0.18,0.08,0.16,0.1,0.27,5.25,1.22,4.13,9.18,0.61,0.77,1.21,1.14,0.6,3.05,3.52,2.45,,0.95,3.89,2.11,8.0,1.26,0.17,0.15,8.28,0.6,11.06,0.03,0.98,0.29,0.29,0.18,0.13,3.49,0.2,0.2,0.21,0.26,,0.09,0.04,0.03,0.09,0.07,0.08,0.16,0.11,0.07,0.08,,0.1,0.05,0.05,0.13,0.05,0.17,0.09,0.88,0.09,0.11,,,0.1,0.11,0.04,0.07,0.05,0.05,0.09,0.29,0.11,,0.13,0.02,,0.02,0.09,,0.08,0.04,,,,,0.04,0.03,,0.03,0.03,,,,0.04,,,0.01,0.03,0.06,,0.05,,0.04,,,,,,0.17,0.03,,0.03,,0.01,0.02,0.03,0.02,0.02,0.02,0.03,0.01,0.02,,0.1,0.03,0.07,0.02,,0.01,0.03,0.04,,0.04,,0.04,0.07,,,0.03,,,,0.01,0.03,,,,,0.06,0.06,,0.02,0.07,,,0.04,,0.07,0.08,0.02,0.04,0.26,0.36,0.22,0.23,0.2,0.24,0.29,0.31,0.37,0.44,2.69,0.08,0.07,0.09,0.11,0.21,0.05,0.12,0.06,0.11,0.15,0.08,0.11,0.04,,0.07,0.03,0.04,,0.01,0.35,,0.21,0.05,0.02,0.07,0.11,0.09,0.05,0.05,,0.21,0.01,0.06,0.21,0.09,,0.08,,0.02,0.03,0.08,0.01,0.02,,,
Shangqiushi_411400,0.35,0.3,0.16,0.07,0.05,0.23,0.16,0.19,0.06,0.03,0.13,0.15,0.11,0.11,0.03,0.13,0.24,0.96,0.04,0.08,0.34,0.03,0.21,0.08,0.06,0.03,0.03,0.04,,0.04,,,0.03,,0.04,0.02,0.04,0.06,,0.01,,0.04,0.02,,,,0.03,,0.04,,,0.02,,,0.03,0.07,0.02,0.02,,0.06,,,,,,,,,,,0.04,,0.7,0.36,0.53,1.6,0.57,1.02,0.85,0.41,0.23,0.28,0.29,0.24,0.31,0.39,0.43,1.37,0.3,0.58,0.46,0.38,0.92,0.19,0.62,0.92,0.1,0.28,0.21,0.5,0.27,0.09,5.22,0.08,0.16,0.13,0.29,0.95,4.4,0.24,7.48,0.16,0.15,0.1,0.04,0.07,0.04,0.07,,0.11,,0.08,0.09,0.07,,0.09,0.04,0.13,,0.09,0.07,,0.1,0.24,0.29,0.12,0.39,0.12,0.18,0.18,0.7,0.19,0.38,0.24,0.39,0.15,0.31,0.12,5.88,6.18,7.96,2.12,1.74,1.09,1.07,2.34,1.75,1.23,1.57,1.15,1.41,1.19,,1.2,7.54,2.72,1.48,0.09,0.07,0.1,0.06,0.15,0.03,0.06,0.1,0.05,0.08,0.06,0.07,,0.05,,,,0.04,0.03,,0.04,,,,,,,0.03,,,,,,0.07,,,,,,,,0.04,0.03,,,,0.02,0.06,,0.03,,0.02,,,,,,,,0.01,,,,,,,0.05,,,,,,,,,0.02,0.06,,,,0.03,,,,,,,0.01,0.03,0.02,,,,,0.01,,,,,,,,0.03,,0.0,,,,,,,,,,,,,,,,,,,,,0.03,,0.11,0.02,0.05,,,0.04,0.06,,0.17,,,,0.14,0.07,0.06,0.06,0.09,0.1,0.15,0.04,0.12,0.05,0.06,0.02,,,0.13,,,0.06,,0.06,0.06,0.07,0.03,0.02,0.04,0.03,,,,,0.07,0.15,0.04,0.01,0.04,0.02,0.02,0.05,0.03,0.08,0.21,0.05,0.02,0.16,0.05,,0.05,0.05,0.04,0.02,,,0.05,,0.03,
Xinyangshi_411500,0.42,0.14,0.07,,,0.14,0.08,0.08,0.08,,0.06,0.13,0.06,0.03,,0.06,0.08,0.09,,,0.08,0.04,,,0.03,,,,,,,,0.02,,,,,,,,,,,,,0.04,,,,0.04,,,,0.01,,,,,,,,,,,,,,,,,,,0.82,0.37,0.46,0.11,0.33,0.97,0.19,0.1,0.05,0.07,0.08,0.16,0.1,0.12,0.99,0.38,0.56,0.82,0.63,0.54,0.4,0.15,0.12,0.28,0.13,0.43,0.22,0.27,0.27,0.13,0.1,0.1,0.22,0.09,0.19,3.12,0.09,4.77,0.38,0.11,0.18,0.05,0.09,0.08,,0.13,,0.04,,,0.14,0.1,0.06,0.25,0.08,,0.13,0.1,0.09,,0.13,0.06,0.06,,0.06,0.02,,,0.06,0.04,,0.03,0.05,0.04,0.08,,0.21,2.79,0.79,0.96,1.3,0.41,0.31,0.74,0.66,0.35,1.15,1.82,0.38,2.75,0.71,,1.54,12.44,0.48,0.79,0.3,0.32,0.15,0.51,0.23,0.27,1.48,0.13,1.38,0.25,5.14,0.07,0.13,0.05,0.1,,0.07,0.06,0.06,0.07,0.03,0.11,0.05,,0.06,,,,0.03,0.03,0.1,0.06,0.13,0.17,0.06,0.11,0.05,,,0.04,0.13,,0.09,0.05,,0.05,0.18,0.08,0.03,0.04,,,,,,,,0.01,,,,,,,0.04,,,,,0.09,,,,,,,,,,,,,,,,,,,,,,0.04,,,,,,0.03,0.02,,0.04,,,,,,,,,0.03,,,,,,,,,,,0.02,0.03,,,,,0.09,,,,,,0.03,0.03,0.13,,0.13,,0.09,,0.03,0.03,,0.04,,,0.15,0.05,,,,0.02,,,,0.03,,,,0.06,0.02,,,0.01,,,0.01,,,,,0.02,0.02,0.04,0.02,0.02,,,0.04,,,0.07,,,0.05,,0.01,,,0.01,,,,
Zhoukoushi_411600,0.52,0.39,0.23,0.11,0.1,0.23,0.12,0.2,0.08,0.06,0.17,0.2,0.12,0.18,0.06,0.13,0.26,1.37,0.02,0.11,0.34,0.07,0.21,0.04,0.03,0.04,,,0.08,0.05,,,0.06,0.04,,0.03,0.05,0.12,,0.04,0.05,,,0.02,0.01,,0.02,,,,,,,,,0.02,0.03,,0.11,,,0.15,,,0.05,0.12,,,0.21,,,,1.15,0.32,0.49,0.43,0.47,0.66,0.38,0.15,0.13,0.16,0.17,0.2,0.2,0.18,0.54,0.97,0.73,0.67,0.41,0.68,1.1,0.13,0.23,0.69,0.21,0.24,0.2,0.31,0.29,0.11,0.27,0.1,0.12,0.27,0.19,7.7,0.28,0.26,5.18,0.09,0.13,0.11,0.15,0.08,0.04,0.15,0.06,0.03,0.04,0.11,0.12,,0.05,0.15,0.09,0.07,0.08,0.31,0.08,,0.06,0.18,0.16,0.11,0.17,0.09,0.29,0.19,0.25,0.07,0.74,0.15,0.21,0.1,0.19,0.08,0.66,9.79,5.57,2.44,3.73,0.79,0.97,2.08,1.57,0.89,7.2,12.09,0.95,2.67,8.69,3.08,,7.76,0.99,0.16,0.04,0.2,0.11,0.23,0.06,0.13,0.23,0.06,0.19,0.06,0.22,0.08,0.08,,0.1,0.13,0.04,0.03,0.04,,,0.08,0.05,0.05,,,,,,,0.11,,0.1,0.06,,0.04,0.02,,0.02,0.03,0.09,,,0.04,,0.04,0.12,0.03,,0.04,0.01,,,0.08,,,0.05,0.02,,,,,0.02,,,,0.12,,0.05,0.04,,,0.01,0.03,,,,,,,,0.07,,,,,,0.04,,,0.02,,,,,,0.01,,,0.04,,,0.01,0.01,,0.02,,,0.04,,,,,,,,,0.02,,,,,,0.06,0.03,,0.06,0.02,,,,0.05,,0.03,,,0.09,,0.15,0.08,0.06,0.06,0.09,0.05,0.1,0.08,0.14,0.1,0.04,,,0.02,0.07,,0.04,0.1,0.05,0.17,,0.05,0.04,0.08,0.05,,,,,,,0.08,0.03,0.03,,0.02,0.02,0.07,0.01,0.04,,0.04,0.13,0.17,0.09,,0.08,,0.04,,0.06,0.04,,,0.01,
Zhumadianshi_411700,0.32,0.26,0.16,,,0.16,0.12,0.13,0.04,,0.08,0.1,0.04,0.08,0.03,0.12,0.18,0.16,,0.04,0.18,0.02,0.1,,,0.04,,0.06,,,,,0.02,,0.04,0.03,,0.09,,,,0.05,,,0.03,,,0.01,0.03,0.04,,,0.01,,,,,,,,,,,0.03,0.04,,,,,,,,0.39,0.11,0.15,0.17,0.15,0.31,0.16,0.07,0.07,0.06,0.04,0.09,0.1,0.08,0.23,0.36,0.22,0.27,0.25,0.3,0.3,0.1,0.26,0.36,0.17,0.14,0.12,0.09,0.16,0.03,0.08,0.02,0.09,0.06,0.14,3.57,0.09,0.14,0.35,0.15,0.08,0.09,0.04,0.08,0.04,0.13,0.05,0.03,0.04,0.13,0.1,0.1,,0.11,,0.05,0.08,0.1,0.09,0.08,,0.07,0.09,0.04,0.06,0.04,0.07,0.12,0.13,0.05,0.15,0.06,0.1,0.06,0.12,0.05,0.28,4.74,1.18,1.75,4.27,0.6,0.88,1.16,1.16,0.39,2.14,15.77,0.57,7.49,1.2,15.45,5.73,,0.59,0.26,0.11,0.25,0.11,0.43,0.06,0.17,0.42,0.19,0.35,0.08,0.87,0.12,0.11,0.14,0.09,,0.06,0.03,,0.05,0.04,0.08,0.09,0.08,0.02,,0.05,,0.03,0.03,0.15,0.07,0.18,0.07,0.04,0.06,0.08,,,0.03,0.26,0.04,0.1,0.04,,0.08,0.26,0.11,0.16,0.03,,,0.03,,0.02,,,,,0.03,,0.02,,,0.03,0.02,0.15,,0.04,0.04,0.06,,,,0.02,,0.06,,,0.06,,,0.03,0.03,,,,,,,,,,,,,,,,,,,,,0.01,,,,,,,0.04,,,0.03,,,,,,,,,,,,,,,0.02,,0.04,0.06,,,,,,0.12,0.05,0.04,0.03,0.05,0.04,,0.04,0.11,0.08,0.05,0.04,,,0.04,0.03,0.06,,,0.05,,,,0.04,0.03,0.01,,0.02,0.01,0.08,,0.07,0.03,0.04,,,,0.05,,,,0.02,,0.05,0.03,,0.07,0.05,0.03,0.0,,0.02,,,,
Jiyuanshi_419001,,,,,,,,,,,,,,0.02,,0.04,0.16,1.31,,,1.09,0.03,0.29,,,,,,,,0.06,,0.03,,,0.05,,,,,,,,,,,,,,,,,,,,,,,,,,,,,,,0.02,,,0.04,,,,,,,,,,,,,,,,,,,,,,,,,,,,,,,,,,,,,,,,,,,,,,,,,,,,,,,,,,,,,,,,,,,,,,,,,,,,,,,0.08,0.73,0.26,3.66,0.26,0.21,0.33,0.92,7.55,0.19,0.31,0.15,0.6,0.22,0.22,,0.09,0.12,,,,,,,,,,,,,,,,,,,,,,,,,,,,,,,,,,0.03,,,,,,,,,,,,,,,,,,,,,,,,,,,,,,,,,,,,,,,,,,,,,,,,0.03,,,,,,,,,,,,,,,,,,,,,,,,,,,,,,,,,,,,,,,,,,,,0.03,,,,,,,,,,,,,,,,,,,,0.03,,,,,,,,,,,,,,,,,,,,0.01,,,,,,,,,,0.01,,,,,,,,,,,,0.08,,,,,,,,
Wuhanshi_420100,,,0.05,,,0.11,0.1,0.05,,,,0.03,0.04,,0.03,,,0.07,0.03,0.07,0.1,,0.06,,,,,,0.04,,,,0.02,,,,0.04,,0.02,,,0.05,0.02,,,0.01,,0.04,,0.06,,0.02,,,,,0.02,,,0.19,0.06,0.07,0.07,0.03,,,,,,,,0.24,0.11,0.06,0.06,0.11,0.05,0.06,0.08,0.06,0.06,0.11,0.06,0.04,0.05,0.05,0.09,0.09,0.23,,0.06,0.06,0.1,0.06,0.05,0.2,,0.11,0.11,0.09,0.09,0.11,0.06,0.22,0.86,0.16,0.07,0.38,0.06,0.31,0.07,0.07,0.06,0.1,0.04,0.16,0.1,0.15,,0.04,0.03,0.12,0.4,0.2,0.27,1.15,0.07,0.3,0.09,0.18,0.31,0.25,0.22,0.03,0.04,,0.04,,,0.07,0.06,,0.07,,0.06,,0.08,,0.1,0.1,0.1,0.08,0.1,0.08,0.17,0.09,0.08,0.11,0.14,0.29,0.06,0.6,0.25,2.59,0.26,0.75,0.06,,19.31,8.09,8.89,9.87,34.67,15.89,50.32,15.8,41.57,35.04,23.3,8.37,28.3,12.3,17.27,9.11,0.26,0.14,0.09,0.31,0.12,0.84,0.5,0.24,0.17,0.16,0.13,0.12,0.14,0.14,0.09,0.07,0.1,0.05,0.05,0.04,0.03,0.09,0.02,0.04,0.05,0.04,0.03,0.02,0.08,0.07,0.06,0.03,,0.05,,0.05,0.07,0.18,0.05,0.14,0.04,0.05,0.04,0.02,0.02,0.04,0.03,0.01,,,0.07,,,,,,,,0.04,,0.06,0.02,,,0.05,0.18,,,0.26,0.04,,,0.05,0.02,,,0.03,0.01,0.04,0.04,,,0.12,0.15,,,,0.02,,0.03,0.03,0.02,0.04,,,0.05,0.03,0.07,,0.05,0.02,,,0.04,,0.03,0.04,0.04,0.04,0.07,,0.02,0.15,,,,,0.03,,0.02,,,0.04,,,0.02,0.03,,0.12,,0.44,0.06,,,,,0.05,0.07,,,,,,,,,,,,,0.04,,0.07,,,0.02,0.04,,0.01,,,0.02,,0.01,0.06,,,,0.02,0.02,,,0.04,,,,,
Huangshishi_420200,,,,,,,,,,,,,,,,,,,,,,,,,,,,,,,,,,,,,,,,,,,,,,,,,,,,,,,,,,,,,,,,,,,,,,,,,,,,,,,,,,,,,,,,,0.38,,,,,,,0.09,0.07,,0.07,,0.02,,,0.08,0.16,0.05,0.03,,,0.04,,0.15,0.04,,,,0.06,,,,,,0.1,0.09,,1.94,0.06,0.13,0.1,0.08,0.12,0.08,0.09,,,,,,,,,,,,,,,,,,,,,,,,0.09,,,,0.05,,,0.12,,0.07,0.07,5.13,,0.29,0.61,0.52,33.82,0.52,1.06,0.54,9.52,9.28,0.81,0.44,0.95,0.56,0.44,0.48,0.04,0.08,0.03,0.04,0.03,0.08,,0.09,0.02,0.08,,,,0.04,,,,,,,,,,,,0.06,0.04,,,,,,,,,,,,,,,,,0.02,,0.04,,,0.02,,,,,,,,,,,,,0.02,,,,,,,,,,,,,,,,,,,,,,,,,,,,,,,,,,,,,,,,,,,,,,,,,,,,,,,,,,,,,,,,,,,,,,,,,0.01,,,,,,,,,,,,,,,,,,,,,,,,,,,,,,,,,,,,,,,,,,,
Shiyanshi_420300,,,,,,,,,,0.02,,,,,,,,,,,0.1,,0.1,0.03,,,,,,,,,,,,,,,,,,,,,,,,,,,,,,,,,,,,,,,,,,,,,,,,,,,,,,,,,,,,,,,,,,,,,,,,,,,,,,,0.02,,,0.07,,,,,,0.05,,,,,,,,,,,,,,,,,,,,,,,,,,,,,,,,,,,,,,0.03,,0.08,0.04,,0.07,,0.08,,0.06,0.05,0.13,2.42,,0.11,,0.1,0.1,2.05,0.4,,1.74,20.04,0.39,1.88,1.03,0.79,0.47,0.54,3.19,0.46,0.77,0.77,0.76,19.82,,,,,,0.05,0.05,0.05,0.02,,,,,,,,,,,,,,,,,,,,,,,,,,,,,,,,,,,,,,,0.01,,,,,,,,,,,,,,,,,,,,,0.09,,,,,,,0.04,,,,,,,0.03,0.07,,0.03,,,0.01,,,,,,,,,,,,,,,,,0.02,,,,,,,,,,,,,0.04,,,,0.13,0.34,0.09,0.06,0.06,0.03,0.13,0.07,5.61,1.27,,,,,0.04,,,0.04,,,,0.07,,0.02,,,,,,,,,,,,,,,,0.02,,,,,,,,,,,,,,,,
Yichangshi_420500,,,,,,,,,,,,,,,,,,0.18,,,,,0.05,,,,,,,,,,,,,,,,,,,,,,,,,,,,,,,,,,,,,,,0.07,,,,0.06,,,,,0.03,,,,,,,,,,,,,,,,,,0.15,,,,,,,,,,,,,,,,0.07,,,,,0.08,,,,,,,0.03,,,,,0.05,,,0.06,0.12,,,,,,,,,,,,,,,,,,,,,,,,,,,0.05,,,,,,,,0.08,0.27,,0.09,,0.11,,3.34,1.14,2.54,,6.36,1.01,12.02,1.95,16.88,0.94,1.59,2.13,19.34,2.32,4.78,2.36,36.25,0.07,,0.03,,0.05,0.24,0.71,0.29,0.1,0.05,0.05,0.08,,0.14,,,,,,,,,,,,,0.03,,,,,,,0.03,,,,,,,,,,,,,,0.01,,,,,,0.19,,,,,,,,,,,,,,,0.59,,0.03,,,,,,,,,0.03,0.01,,0.02,0.04,0.02,0.05,,,0.03,0.03,,,,,0.03,,0.06,,,,,,,0.06,,,,,,,,0.03,,,,,,,,,,,,,,,,0.03,,,0.16,0.04,,,,,,,,,,,,,,,,,,,,,,,,,,,,,,,,,,,,,,0.02,,,,,,,,
Xiangyangshi_420600,,,,,,,,,,,,,,,,,0.06,0.05,,,0.09,,,,,,,,,,,,,,,,,,,,,,,,,0.01,,,0.04,,,,,,,,,,,0.09,,,,,,,,,,,,,,,,,,,,,,,,0.03,,,0.06,,0.15,,,,,0.05,0.06,0.1,0.04,0.04,,,0.04,,0.02,,0.06,,,0.07,,0.03,0.05,,0.03,0.05,,,0.04,,,,,,,,0.06,0.13,,,,,,,,,,,,,,,,,,,,,0.05,,,0.07,0.05,0.27,0.23,0.06,,0.05,0.07,,0.15,0.11,0.17,6.18,,0.3,0.08,0.21,0.15,4.46,0.89,32.32,7.0,,1.02,11.89,2.49,2.21,0.95,1.26,17.38,1.12,1.26,1.59,1.69,17.88,0.07,0.04,0.02,0.07,,0.14,0.22,0.04,0.06,,0.04,0.09,0.04,0.09,0.06,0.06,0.1,0.04,0.12,0.03,0.04,,,,0.05,,0.03,,,0.03,0.1,0.04,0.04,,,,,,,0.05,,,,,,,,,,,,,,,,,,,,,,,,,,0.11,,,,,,,,0.01,,,,,,,,,,0.08,0.01,,,,0.05,0.02,,,,,,,,,,,0.02,,,,,,,,,,,,0.07,,,,,,0.08,,,,0.05,0.04,0.08,0.03,0.06,0.05,0.09,,0.46,0.12,,,,,,,0.03,,,,0.03,,,0.01,,,,,,,,0.06,,,0.02,,,,,,,,,,,,,,,,,,,,,
Ezhoushi_420700,,,,,,,,,,,,,,,,,,,,,,,,,,,,,,,,,,,,,,,,,,,,,,,,,,,,,,,,,,,,,,,,,,0.06,,,,,,,,,,,,,,,,,,,,,,,,,,,,,,,,,,,,,,0.03,0.05,0.04,,,,,,0.05,,,,,,,,,,,,,,0.21,,,,,,,,,,,,,,,,,,,,,,,,,,,,,,,,,,,,,,,,,0.07,6.16,26.76,0.22,0.46,0.3,,0.62,0.84,0.4,4.86,2.44,0.5,0.21,0.43,0.27,0.51,0.34,,,,,,,,0.1,,,,,,,,,,,,,,,,,,,,,,,,,,,,,,,,,,0.02,,,,,,,,,,,,,,,,,,,,,,,,,,,,,,,,,,,,,,,,,,,,,,,,,,,,,,,,,,,,,,,,,,,,,,,,,,,,,,,,,,,,,,,,,,,,,,,,,,,,,,,,,,,,,,,,,,,,,,,,,,,,,,,,,,,,,,,,
Jingmenshi_420800,,,,,,,,,,,,,,,,,,0.08,,,,,,,,,,,,,,,,,,,,,,,,,,,,,,,,,,,,0.02,,,,,,,,,,,,,,,,,,,,,,,,,,,,,,,,,,,,,,,,,,,,,,,,,,,,,,,,,,0.05,,,,,,,,0.03,,,,,0.05,,,,,,,,,,,,,,,,,,,,,0.02,,,,,0.09,,0.11,,0.07,,0.08,,0.08,,,0.48,,0.12,,,0.06,4.41,0.52,1.73,8.79,7.03,0.62,,3.58,7.96,0.52,0.96,4.05,1.27,3.13,11.32,22.4,1.79,0.05,0.03,0.03,,0.04,0.18,0.21,0.07,0.05,,,,0.03,,,0.05,,,,,,,,,,,,,,,,,0.04,,,,,,,,,,0.01,,,,,,,,,,,,,0.02,,,,,,,,,,,,,,,,,,,,,,,,,,,,,,,0.01,,,,,,,,,0.04,,,0.03,,,,,,,,,,,,,,,,,,,,,,,,,0.03,0.03,,,,,,,0.04,,,,,,,,,,,,,,,,,,,,,,,,,,,,,,,,,,,,,,,,,,,,,,
Xiaoganshi_420900,,,,,,,,,,,,,,,,,0.07,0.1,,,,,,,,,,,,,,,,,,,,,,,,,,,,,,,,,,,,,,,,0.02,,,,0.07,,0.03,0.04,,,,,,,,0.1,,,,,,,,0.02,,,,,,,,,,,,,,,,,,,,,,0.02,0.06,,,,0.07,,0.05,,,,,,,,,,,,,0.06,,,0.1,,,,,,,,,,,,,,,,,,,,,,,,0.05,0.06,,0.11,0.04,0.06,,0.07,,0.08,0.07,,0.22,,1.04,0.08,0.26,0.04,16.93,1.58,1.31,2.15,2.99,1.81,5.38,,2.18,2.79,2.58,14.53,0.57,9.03,3.49,10.02,0.27,0.08,0.07,,0.06,0.04,0.13,0.12,0.08,0.06,,0.05,,,,0.08,0.04,0.07,,0.05,0.03,,,0.02,0.03,0.04,0.02,0.03,,0.02,0.03,0.05,0.04,,,0.01,0.03,,,,,,,,,0.02,,,0.01,0.04,,,,,0.04,,,,,0.02,0.12,,,,,,,,,,,,,,,,,,,,,,,,,,,,,0.01,,,,,,,,,,,,,,,,,,,,,,,,,,,,,,,,,,,0.02,,,,,,0.05,0.09,0.06,,,,,0.04,,,,,,,0.04,,,,,,0.02,,,,,,,,,0.03,,,,,,,,,,,,,0.0,,,,,,
Jingzhoushi_421000,,,,,,,,,,,,,,,,,,,,,,,,,,,,,,,,,,,,,,,,,,,,,,,,,,,,,,0.01,,,,0.02,,,,,,,,,,,,,,,,,,,,,,,,,,0.03,,,,,0.17,,,,,,,0.1,0.06,,,0.04,,,,,0.08,0.05,,,,0.05,,0.04,0.03,0.07,,,,0.06,,,,,,0.07,0.05,0.12,,,0.07,0.08,0.08,,,,,,,,,,,,,,,,0.04,,,,,,0.06,0.04,0.05,,0.08,,,0.05,,0.27,,0.11,,0.26,0.07,7.72,1.01,1.35,23.61,2.66,1.19,13.14,2.12,,1.31,5.04,1.59,3.78,15.98,32.51,5.8,2.0,0.56,0.35,0.16,0.17,0.09,5.31,5.41,0.53,0.66,0.09,0.13,0.14,0.1,0.26,0.22,0.1,0.16,0.07,0.04,0.1,0.05,,0.02,0.04,0.07,,,,,0.13,0.16,0.08,,0.06,0.04,0.03,0.03,0.08,0.02,,0.06,,,0.02,0.02,0.04,0.02,0.01,0.02,,,,0.03,,,,,,,,0.09,,,,0.08,0.05,,,0.17,,,,,,,,,,,,,,,,,,0.01,,,,0.02,,,,,0.05,,0.05,,0.03,0.02,0.03,0.05,0.03,,0.02,,,0.05,,0.05,,,,,,,,,,,,,,,,,,,,0.07,0.02,,,,,,,,,,0.03,,,,,,,,,0.01,,,,,,,,,,,,,,,,,,,,,,,,,,,
Huanggangshi_421100,,,,,,,,,,,,,,,,,,,,,,0.02,,,,,,,,,,,,,,,,,,,,,,,,,,,,,,,0.03,0.08,,,,0.03,,,,,,,,,,,,,,,0.19,0.06,0.06,,0.04,0.13,0.05,0.05,,,0.04,0.05,,0.05,0.15,0.15,0.64,0.16,0.09,0.11,0.14,0.08,,0.19,0.1,0.1,0.05,0.08,0.05,0.07,,0.09,2.24,0.05,0.09,0.43,0.03,0.88,0.07,0.1,0.09,0.13,0.04,0.09,0.08,0.2,0.03,0.04,0.02,0.08,0.29,0.22,0.05,7.42,0.12,0.1,0.15,0.21,0.25,0.09,0.14,,,,,,,,,,,,,,,,,,0.05,,,,,,0.11,,0.05,0.07,,0.13,0.06,1.74,0.15,0.4,,17.88,20.0,1.14,1.88,1.32,14.89,1.3,3.65,1.42,,3.33,2.19,0.72,1.37,1.25,1.28,0.48,0.08,0.04,0.02,0.06,,0.16,0.07,0.04,0.03,0.09,,0.04,,0.04,0.09,0.05,0.21,0.06,0.04,0.05,0.03,,,,0.14,0.07,0.03,0.11,,0.05,0.18,0.06,,0.03,0.01,,0.03,0.06,,,,,,,,,,,0.03,,,1.31,,,,,,,,,0.03,,,,,,,,,,,,,0.01,,,,,,,,,,0.04,,,,,,,,,,,,,,,,,,,,,0.03,,,,,,,0.03,,,,,,,,,,,,0.01,,,,,,,,0.02,,,,,,,,,,,,,,,,,,,,,,0.03,,,,,,,,,,,0.04,,,,,,,,,,,,,
Xianningshi_421200,,,,,,,,,,,,,,,,,,,,,,,,,,,,,,,,,,,,,,,,,,,,,,,,,0.03,,,,0.01,,,,,,,,,,,,,,,,,,,,,,,,,,,,,,,0.03,,,,,0.12,,,,,,,0.16,,,,,,,,0.02,0.11,,,,,0.05,,,,,,,,,,0.05,,,0.06,0.06,0.08,1.07,,,,,0.12,0.09,,,,,,,,,,,,,,,,,,,,,0.05,,,,,,,,,,,0.09,,0.11,,7.0,7.09,0.44,0.76,0.67,2.27,0.72,1.31,2.17,1.35,,0.72,0.45,1.59,0.79,0.68,0.41,0.19,0.13,0.07,0.07,0.04,2.9,0.15,0.18,0.12,0.04,0.05,,0.04,0.05,0.06,0.03,0.1,,0.04,,0.03,,0.02,,0.08,,,,,0.04,0.11,0.04,0.05,0.03,,,0.04,,,,,,0.01,,,0.04,0.01,,,,,,,,,,,,,,0.04,,,0.03,,,,0.07,,,,,,,,,,,,,,,,,,,,,,,,,,,,,,,,,,,,,,,0.03,,,,,,,,,,,,,,,,,,,,,,,,,,,,,,,,,,,,,,,,,,,,,,,,,,,,,,,,,,,,,,,,,,,,,,,
Suizhoushi_421300,,,,,,,,,,,,,,,,,,,,,,,,,,,,,,,,,,,,0.02,,,,,,,,,,,,,,,,,,,,,,,,,,,,,,,,,,,,,,,,,,,,,,,,,,,,,,,,,,,,0.1,,,,,,,,,,,,,,,,0.04,,,,,,,,,0.03,,,,0.04,,,,,,,,,,,,,,,,,,,,,,,,,0.04,,,0.04,,,,,,0.06,0.06,,1.09,,1.63,,0.32,0.06,3.96,0.41,2.07,0.87,9.59,0.48,2.61,8.02,0.61,0.63,0.97,,0.36,0.65,0.84,1.08,0.75,0.03,,,,,0.09,0.04,,0.03,,,,,,,0.05,,,,,,,,,0.04,0.03,,0.03,,,0.05,0.05,,,,,,,,,,,,,,,,,,,,,,,,,,,,,,,,,,,,,,,,,,,,,,,,,,,,,,,,,,,,,,,,,,,,,,,,,,,,,,,,,,,,,,,,,,,,,,,,,,,0.11,0.06,,,,,,,,,,,,,,,,,,,,,,,,,,,,,,,,,,,,,,,,,,,,,,
Enshitujiazumiaozuzizhizhou_422800,,,,,,,,,,,,,,,,,,,,,,,,,,,,,,,,,,,,,,,,,,,,,0.01,,,,,,,,,,,,,0.02,0.09,,,,,,,,,,,,,,,,,,,,,,0.03,,,,,,,,0.28,,,,0.11,,,0.29,0.05,,,,,,,,,0.05,,,,,,,,0.07,,0.17,0.06,0.06,,0.03,,,,,,,,,,0.08,,,,,,,,,,,,,,,,,,,,,,,,,,,,,,,,,,,,,,1.53,0.86,1.23,15.63,1.43,0.46,2.32,0.62,3.0,0.5,0.63,0.88,,1.12,1.43,0.65,6.21,0.08,0.04,,,,0.08,0.55,1.82,0.05,,,0.07,,10.49,,,,,,0.03,,,,,,,,0.04,,,,0.04,0.03,0.02,,,,,,0.05,,,,,,,,,,,,,,,,,,,,,,,,,,,,,2.37,0.04,0.01,,,,0.02,0.03,,0.02,0.03,0.04,,,0.04,0.13,,0.05,0.02,0.05,0.02,0.04,,,,,0.04,0.06,,,,,,,,,,,,,,,0.06,,,,,,,,,,,,,,,,,,,,,,,,,,,,,,,0.04,,,,,,,,,,,,,,,,,,,,,,,,,,,,,,,,,0.02,,,
Xiantaoshi_429004,,,,,,,,,,,,,,,,,,,,,,,,,,,,,,,,,,,,,,,,,,,,,,,,,,,,,,,,,,,,,,,,,,,,,,,,,,,,,,,,,,,,0.04,,,,,,,,,,,,,,,,,,,,,0.06,,,,,,,,,,,,,,,,,,,,,,,,,,,,,,,,,,,,,,,,,,,,,,,,,,,,,,,,,,,,,,,3.84,0.45,0.33,1.36,0.42,0.35,1.69,2.71,4.93,0.35,1.2,0.56,0.46,,12.34,15.44,0.34,,0.07,,,,0.14,0.07,,0.02,,,,,,0.07,,,,,,,,,,,,,,,,,,,,,,,,,,,,,,,,,,,,,,,,,,,,,,,,0.04,,,,,,,,,,,,,,,,,,,,,,,,,,,,,,,,,,,,,,,,,,,,,,,,,,,,,,,,,,,,,,,,,,,,,,,,,,,,,,,,,,,,,,,,,,,,,,,,,,,,,,,,,,,,,,,,,,,
Qianjiangshi_429005,,,,,,,,,,,,,,,,,,,,,,,,,,,,,,,,,,,,,,,,,,,,,,,,,,,,,,,,,,,,,,,,,,,,,,,,,,,,,,,,,,,,,,,,,,,,,,,,,,,,,,,,,,,,,,,,,,,,,,,,,,,,,,,,,,,,,,,,,,,,,,,,,,,,,,,,,,,,,,,,,,,,,,,,1.58,0.33,0.48,1.73,0.45,0.23,4.01,0.62,6.77,0.32,0.41,0.41,0.55,8.29,,3.77,0.06,,,,,,0.12,0.05,0.07,0.03,,,,,,,,,,,,,,,,,,,,,,,,,,,,,,,,,,,,,,,,,,,,,,,,,,,,,,,,,,,,,,,,,,,,,,,,,,,,,,,,,,,,,,,,,,,,,0.02,,,,,,,,,,,,,,,,,,,,,,,,,,,,,,,,,0.01,,,,,,,,,,,,,,,,,,,,,,,,,,0.01,,,,,,,,,,,,,,,,,
Tianmenshi_429006,,,,,,,,,,,,,,,,,,,,,,,,,,,,,,,,,,,,,,,,,,,,,,,,,,,,,,,,,,,,,,,,,,,,,,,,,,,,,,,,,,,,,,,,,,,,,,,,,,,,,,,,,,,,,,,,,,,,,,,,,,,,,,,,,,,,,,,,,,,,,,,,,,,,,,,,,,,,,,,,,,,,,,,,2.27,0.23,0.68,1.13,0.6,0.23,9.67,2.65,1.73,0.2,0.52,0.49,0.37,12.6,5.14,,0.13,0.03,,,,,0.05,0.05,,,0.04,,,,,0.11,,,,,,,,,,,,,,,,,,,,,,,,,,,,,,,,,,,,,,,,,,,,,,,,,,,,,,,,,,,,,,,,,,,,,,,,,,0.01,,,,,,,,,,,,,,,,,,,,,,,,,,,,,,,,,,,,,,,,,,,,,,,,,,,,,,,,,0.01,,,,,,,,,,,,,,,,,,,,,,,,,,,,,,,,
Shennongjialinqu_429021,,,,,,,,,,,,,,,,,,,,,,,,,,,,,,,,,,,,,,,,,,,,,,,,,,,,,,,,,,,,,,,,,,,,,,,,,,,,,,,,,,,,,,,,,,,,,,,,,,,,,,,,,,,,,,,,,,,,,,,,,,,,,,,,,,,,,,,,,,,,,,,,,,,,,,,,,,,,,,,,,,,,,,,,0.65,0.25,5.23,4.24,3.07,0.16,0.71,0.28,0.76,0.11,0.19,0.59,1.06,0.16,0.22,0.2,,,,,,,,,,,,,,,,,,,,,,,,,,,,,,,,,,,,,,,,,,,,,,,,,,,,,,,,,,,,,,,,,,,,,,,,,,,,,,,,,,,,,,,,,,,,,,,,,,,,,,,,,,,,,,,,,,,,,,,,,,,,,,,,,,,,,,,,,,,,,,,,,,,,,,,,,,,,,,,,,,,,,,,,,,,,,,,,,,,
Changshashi_430100,0.18,0.09,0.09,0.06,,0.15,0.08,0.08,0.04,0.04,0.07,0.04,,0.05,,,0.05,0.1,,0.05,,0.03,0.06,,0.05,,0.02,0.1,,,0.06,0.03,0.02,0.01,0.03,0.06,0.03,0.08,0.02,,0.01,0.11,0.04,,,,,0.02,,0.09,0.04,0.04,0.02,0.01,0.09,,,,0.04,0.19,0.06,0.07,,0.03,0.07,0.06,0.06,,,0.14,0.06,,0.3,0.15,0.09,0.11,0.07,0.13,0.09,0.07,0.09,0.09,0.09,0.08,0.08,0.05,0.27,0.24,0.37,0.14,0.11,0.15,0.3,0.28,0.11,0.24,0.22,0.13,0.1,0.07,0.08,0.07,0.03,0.07,0.19,0.2,0.08,0.19,0.05,0.13,0.05,0.14,0.11,0.3,0.16,0.26,0.16,0.32,0.15,0.26,0.18,0.16,1.39,0.53,23.2,1.61,3.21,0.57,0.89,1.62,6.4,0.84,0.48,0.06,0.1,0.04,0.04,0.02,0.07,0.13,0.08,0.06,0.08,0.03,0.09,0.03,0.09,0.05,0.1,0.13,0.06,0.17,0.16,0.06,0.05,0.14,0.13,0.07,0.12,0.11,0.06,0.27,0.11,0.41,0.11,0.34,0.14,0.88,0.77,0.39,0.62,0.61,0.42,0.58,0.6,3.22,0.46,3.74,0.67,1.25,0.8,0.66,0.59,0.48,,37.45,45.61,21.97,24.2,49.78,30.54,17.32,47.61,14.13,13.84,14.21,30.92,13.67,0.56,1.11,0.77,0.39,0.18,0.33,0.22,0.31,0.08,0.19,0.31,0.09,0.28,0.27,0.28,0.46,0.48,0.25,0.17,0.14,0.23,0.38,0.37,1.12,0.26,0.32,0.16,0.22,0.12,0.13,0.11,0.32,0.16,0.11,0.15,0.17,0.58,,0.14,0.14,0.16,0.06,0.16,0.05,0.06,0.15,0.13,0.09,0.09,0.15,0.08,0.3,0.07,0.19,0.43,0.09,,0.03,0.02,0.03,0.08,,0.04,0.04,0.06,0.1,0.06,0.06,0.09,0.06,0.02,0.08,,0.01,0.03,0.05,0.22,0.15,0.3,0.14,0.2,0.82,0.16,0.65,0.22,0.15,0.1,0.11,0.11,0.07,0.12,0.11,0.15,0.08,0.1,0.19,0.68,0.12,0.24,,0.09,0.15,,0.15,0.21,0.02,,,0.08,,0.04,0.04,0.06,0.07,0.12,,0.28,0.02,0.06,0.02,0.03,0.02,0.07,0.04,,0.05,0.08,,0.03,,,0.02,0.04,0.01,0.06,,0.01,,,0.15,0.04,0.03,,0.03,0.01,0.07,,0.06,0.04,0.02,,0.04,0.07,0.02,0.05,,0.04,0.01,0.02,0.02,,,,0.07
Zhuzhoushi_430200,,,,,,,,,,,,,,,,,,,,,,,,,,,0.02,,,,,,,,0.02,,,,,,,,,,,,,,,,,,,,,,,,,,,,,,,,,,,,,,0.1,,,,,,,,,,,,,,0.07,0.09,0.26,0.06,0.06,0.1,0.13,0.1,,,0.06,,0.03,,,,,,0.05,,,,,,,0.05,,0.07,0.03,,0.06,0.1,0.04,0.07,0.03,0.06,0.23,0.14,13.56,0.26,0.88,0.3,0.39,1.56,0.96,0.3,0.19,,,,,,,,,,,,,,,,,,,,,,,,,,,,,,,,,0.14,,0.08,0.13,0.1,0.07,0.08,0.07,0.07,0.14,0.54,0.05,0.43,0.13,0.09,0.21,0.04,0.06,,8.48,,13.54,7.54,2.71,2.62,1.89,1.31,2.66,5.38,1.83,1.44,3.28,0.95,0.31,0.51,0.43,0.16,0.07,0.22,0.18,,,0.09,0.2,0.07,0.07,0.12,0.05,0.19,0.31,0.19,0.05,0.07,0.09,0.1,0.1,0.28,0.05,0.1,0.08,0.05,0.02,0.04,0.06,0.14,0.07,0.04,,0.02,,,0.05,,,0.02,0.01,,,,0.03,,,0.09,,,,,,,,,,,,,,,,,0.01,,,,,,,,0.01,,0.04,0.02,0.08,0.02,0.04,0.2,,0.13,0.03,,,0.03,,,,0.03,,,0.03,,0.13,,,,0.07,,,,,,,,,,,,,,,,,,,,,,,,,,,,,,,,,,,,,,,,,,,,,,,,,,,,0.03,,,,,0.01,,,,,,
Xiangtanshi_430300,,,,,,,,,,,,,,,,,,0.07,0.02,,,,,,,,,,,,,,,,,,,,,,,,,,,,,,,,,,,,,,,,,,,,,,,,,,,,,,,,,,,,,,,,,,,,,,,,,,0.12,,,,,,,,,,,,,,,,,,,,,,0.03,,,,0.03,0.05,,,0.11,0.06,1.36,0.15,0.51,0.09,0.12,0.25,0.34,0.06,0.08,,,,,,,,,,,,,,,,,,,,,,,,,,,,,,,,,,,0.07,0.05,,0.08,0.09,0.01,0.07,,0.23,,0.38,,,0.15,0.15,0.06,,10.5,12.54,,4.6,2.82,2.27,1.71,1.53,2.39,1.94,1.42,1.76,11.74,1.08,0.2,0.78,0.23,0.14,,0.12,0.06,0.04,,0.09,0.11,0.05,,0.07,0.22,0.18,0.15,0.11,,,0.01,0.06,0.09,0.34,0.08,0.08,0.07,0.04,0.08,0.03,0.04,0.15,0.04,0.08,0.03,,,,,,,,0.03,,0.02,,,,0.09,0.03,0.1,,0.03,,,,,,,,,,,,,,,,,,,,,,,,0.04,0.04,0.06,0.04,0.05,0.17,0.06,0.2,0.06,,0.02,,0.02,,0.02,,,,,0.07,,0.02,,,,,,,,0.05,,,,,,,,,,,,,,,0.01,,,,,,,,,,,,,,,,,,,,,,,,,,,,,,0.02,,,,,,,,,,,,,0.15
Hengyangshi_430400,,,,,,,,,,,,,,,,,,,,,,,,,,,,0.05,,,,,,,,,,,,,,,,,,,,,,,,,,,,,,,,,,0.07,,,,,,,,,,,0.1,,,,0.04,,,,,,,,,,0.07,0.09,0.15,0.06,0.05,0.09,0.16,0.06,,,,,,,,0.04,,,,,,,,,,,0.05,0.11,0.06,0.11,0.06,0.16,,0.09,0.08,0.09,0.15,0.12,0.84,0.19,0.34,0.13,0.38,0.63,0.35,0.1,0.09,,,,,,,,,,,,,,,,,,,,,,,,,,0.05,,0.05,0.15,,0.09,,0.26,0.07,0.11,,0.08,0.1,0.09,0.04,0.08,0.04,0.16,0.08,0.31,0.11,,0.04,0.04,0.08,,5.41,6.95,4.93,,5.32,1.49,1.24,1.19,1.3,14.19,12.08,1.46,4.12,0.9,1.64,2.37,0.88,0.45,0.13,1.03,0.43,0.36,0.14,0.33,0.5,0.11,0.19,0.26,0.17,1.02,1.06,1.16,0.08,0.05,0.18,0.27,0.5,1.76,0.3,0.19,0.33,0.1,0.12,0.12,0.19,0.63,0.18,0.19,0.06,0.08,0.17,,0.07,0.14,0.07,0.02,0.15,,0.04,0.06,0.05,,,0.06,0.05,0.11,0.03,0.07,0.1,,,,,,,,,,,,,,,,,,0.02,,,,0.13,0.06,0.1,0.07,0.05,0.18,0.11,0.26,0.08,0.08,0.04,0.02,,,0.03,,0.09,0.02,0.04,0.07,0.19,0.03,0.1,,,,,,,,,,,,,,,,,,,,,,,,,,0.06,,,,,,,,,,,,,,,0.04,,,,,,,,,,,,,,,,,,0.0,,,,,,
Shaoyangshi_430500,,,,,,,,,,,,,,,,,,,,,,,,,,,,,,,0.06,,,,,,,,,,,,,,,,,,,,,,0.01,,,,,,,,,,,,,,,,,,,,,,,,,,,,,,,,,,0.06,0.08,0.2,0.08,0.06,0.06,0.24,0.08,,0.15,,,,,,,,,,,,,,,,,0.05,0.08,0.06,0.16,0.08,0.2,0.08,0.03,0.08,0.06,0.13,,0.35,0.16,0.11,0.08,0.26,0.29,0.25,0.12,0.05,,,,,,,,,,,,,,,,,,,,,,,,,,,,,,,,,,,0.04,0.04,0.08,0.09,,0.02,0.11,0.05,0.12,0.05,,0.07,,0.06,0.1,,0.06,5.59,3.09,2.75,4.81,,1.05,1.62,0.95,1.45,1.89,6.09,11.43,15.67,1.9,0.64,0.51,0.87,0.45,0.07,0.31,0.19,0.1,0.08,0.24,0.45,0.08,0.14,0.11,0.09,0.41,1.09,0.41,0.04,0.08,0.07,0.2,0.52,3.99,0.12,0.16,0.14,0.07,0.12,0.1,0.09,0.3,0.11,0.12,0.07,0.04,0.07,,,,0.03,,,,,0.03,0.03,,0.04,,,,0.03,,0.18,,,0.05,0.05,,,,,,,,,0.03,0.04,,,,,,,,0.19,0.19,0.15,0.23,0.17,0.97,0.5,1.15,0.25,0.09,0.08,0.03,0.04,0.07,,0.06,0.17,0.03,0.06,0.15,0.26,0.09,0.04,0.02,0.09,,,0.03,0.04,,,,,,,,,,,,,0.04,,,,,,,,,,,,,0.03,,,,,,,0.08,,,,,,0.01,,,0.01,,,,,,,,,0.1,,,,,,,,
Yueyangshi_430600,,,,,,,,,,0.03,,,,,,0.03,0.04,,,,,,,,,0.02,,,,,,,,,,,,,,,,,,,,,,0.02,,,,,0.02,,,,,,,,,,,,,,0.02,,,0.09,,,0.1,,,,,0.06,,,,0.04,,0.03,0.04,,0.07,0.1,,0.07,0.08,0.07,0.11,0.05,0.07,,0.06,0.03,0.04,0.05,0.03,0.05,,,0.1,,0.05,,,0.05,0.04,0.06,,0.06,0.06,0.14,0.03,0.11,0.05,,0.06,,0.18,0.09,0.85,1.19,0.36,0.08,0.31,0.32,0.4,0.16,0.1,,,,,,,,,0.03,,,,,,,,,,,,,0.04,,0.06,,0.05,,,0.18,,0.12,0.08,0.23,,0.46,0.42,0.21,0.56,0.22,0.23,0.48,0.24,7.47,0.23,9.04,0.3,0.32,0.51,0.38,0.45,,15.89,4.24,3.43,1.84,1.39,,4.18,1.65,12.27,1.06,0.91,1.1,1.9,1.15,0.36,0.58,0.48,0.25,0.09,0.29,0.22,0.06,0.06,0.15,0.23,0.08,0.13,0.15,0.15,0.3,0.45,0.24,0.03,0.06,0.13,0.1,0.11,0.34,0.05,0.08,0.08,0.06,0.04,0.04,,0.13,,0.08,0.1,0.04,0.08,,0.06,,,0.05,0.01,0.09,0.02,,0.07,,,0.03,,,0.03,,0.12,0.02,0.02,,,,,,0.02,,0.03,,,0.04,,0.05,,0.05,0.02,0.01,,,0.07,0.03,0.06,0.06,0.06,0.08,0.08,0.13,0.07,0.04,0.02,0.02,0.04,0.04,0.04,,,,,,0.07,0.03,0.04,,,,,,,0.02,,,,,,,,,,0.04,,,,0.04,0.01,,,,,,,0.04,,,,,,,,,0.08,,,0.03,,,,,,,,,,,,0.04,,,,,,,0.04,,,,,
Changdeshi_430700,,,,,,,,,,,,,0.03,,,,,,,,0.12,,,,,,,,,,,,,,,,,,,,,,,,0.02,,,,,,,,,,,,,,,,,,,,,0.06,,0.09,,,,,,,,,,,,0.04,,,0.04,0.03,,,0.06,,0.15,0.06,,,0.1,0.11,,,,,0.07,0.04,,,,,,,0.03,,,0.05,,0.05,0.06,,0.03,0.06,,0.14,,,,0.06,0.08,0.11,0.3,0.17,0.12,0.15,0.2,0.18,0.21,0.13,0.05,,,,,,,,,,,,,,,,,,,,0.06,,0.04,,,,,,,0.17,,0.08,,0.11,0.09,0.2,0.14,0.12,1.05,0.33,0.07,0.5,0.15,5.4,0.08,0.38,0.1,1.24,0.09,0.34,0.16,0.06,8.51,2.45,2.13,1.21,1.4,2.91,,23.46,11.11,0.89,0.69,5.01,1.9,4.96,0.3,0.25,0.45,0.35,0.09,0.19,0.21,0.09,,0.13,0.29,0.05,0.11,0.16,0.11,0.21,0.5,0.28,0.25,0.11,0.04,0.09,0.07,0.21,0.02,0.16,0.06,0.03,0.03,0.03,0.04,0.15,0.01,0.06,0.04,0.04,,,0.04,,0.03,0.02,0.07,,0.08,0.03,,,,,,,0.03,,0.18,,,,,,,,,0.02,,0.03,,,0.03,0.09,,,0.02,0.03,0.04,,0.08,0.05,0.14,0.09,0.08,0.42,0.09,0.21,0.12,0.04,0.05,,0.05,0.04,0.04,0.03,0.1,0.05,,,0.09,,,,,,0.03,0.03,,,,0.26,,,,0.03,,,0.06,,0.12,,,,,,,,,0.03,,,,,,,,,,,,0.08,,,,,,,,,,,,,,,,,,0.05,,,0.02,0.01,,,0.01,
Zhangjiajieshi_430800,,,,,,,,,,,,,,,,,,,,,,,,,,,,,,,,,,,,,,,,,,,,,,0.02,,,,,,,,,,,,,,,,,,,,,,,,,,,,,,,,,,,,,,,,,,,,,,,,,,,,,,,,,,,,,,,,,,,,,,0.07,,,,0.06,0.02,0.05,0.1,0.06,0.34,0.13,0.2,0.07,,0.1,0.18,0.07,0.06,,,,,,,,,,,,,,,,,,,,,,0.04,,,,,,,,,,,,,0.07,0.1,,0.28,0.22,0.06,0.17,0.07,0.37,0.08,0.42,0.13,2.07,,0.15,0.09,,2.29,1.0,0.97,0.76,1.06,1.22,11.48,,1.31,0.52,0.63,2.8,1.04,13.7,0.08,0.05,0.1,0.07,0.04,0.04,0.07,,,0.04,0.06,0.02,,0.04,0.04,0.07,0.1,0.05,0.08,0.03,0.09,0.04,0.06,0.28,,,,,,,,0.07,0.03,,0.03,,,,,,,,,,,,,0.04,,,,,,,0.22,,,,0.04,,,,,0.02,,,,,0.04,0.07,,,,0.01,,,0.06,0.05,0.1,0.06,0.06,0.58,,0.25,0.05,,,,,,,,,,,,,,,0.02,,,,,,,0.04,,,,,,,,,,,,,,,,,,,,,,,,,0.01,,,,,,,,,,,,,,,,,,,,,,,,,,,0.02,,,,,
Yiyangshi_430900,,,,,,,,,,,,,,,,,0.04,,,,,,,,,,,,,,,,,,,,,,,,0.01,,,,,,,,,,,,,,0.03,0.05,,,,,,,,,,,,,,,,,,,,,,,,,,,,,,,,0.08,,,,,,,0.07,,0.05,,,,,,,0.02,,,,,,,,,,,,,0.03,0.06,,0.06,,,0.11,0.09,0.65,0.17,0.15,0.07,0.15,0.16,0.23,,0.06,,,,,,,,,,,,,,,,,,,,,,,,,,,,,,,,,0.09,,0.1,,0.08,0.25,0.19,0.04,0.11,0.06,0.86,0.09,0.39,0.07,0.29,0.07,0.27,0.06,,13.73,3.87,3.1,1.43,1.63,10.05,13.02,2.49,,1.04,0.7,2.7,7.15,1.61,0.27,0.24,0.34,0.22,,0.24,0.16,0.07,0.05,0.07,0.2,0.03,0.07,0.13,0.13,0.17,0.33,0.18,0.05,,0.09,0.06,0.15,0.2,0.05,0.1,0.08,0.03,0.05,0.03,,0.04,0.04,0.03,0.05,0.03,0.1,,0.02,,0.1,0.02,0.03,0.03,,0.03,0.03,0.04,0.04,,,,,,0.09,,,,,0.01,0.02,,,,,0.04,,,,,,,,,,,0.06,0.03,0.09,0.04,0.02,0.22,0.06,0.07,0.03,,,,,,,,0.09,,,,,,,,,,,0.03,,,,,,,,,,,,,,,,0.01,0.01,,,,,,,,,,,,,,,,,,,,,,,,,,,0.06,,,,,,,,,,,0.02,0.01,,,,
Chenzhoushi_431000,,,,,,,,,,,,,,,,,,,,,,,0.05,,,,,,,,,,,,,0.03,,,,,,,,,,,,,,,,,,,,,,,,,,,,,,,,,,,,,,,,,,,,,,,,,,,,,,,,,,,,,,,,,0.02,,,,,,,,,,,,,0.1,0.05,0.06,0.08,0.08,0.04,,0.05,,0.1,,0.73,,0.16,0.1,1.37,1.35,0.2,0.12,0.04,,,,,,,,,,,,,,,,,,,,,,,,,,0.05,,,,,0.08,,,,0.03,0.06,,0.06,,,0.05,,0.07,,0.08,,0.1,0.07,0.04,,,2.5,3.69,1.96,10.84,1.77,0.66,0.52,0.4,0.64,,12.32,0.58,1.27,0.32,0.96,9.7,0.68,0.45,0.12,0.53,0.34,0.14,0.11,0.37,0.48,0.12,0.31,0.27,0.16,2.15,1.07,0.5,0.17,0.14,0.13,0.07,0.08,0.55,0.15,,0.04,0.06,0.08,0.05,0.04,0.48,0.06,0.07,0.02,0.05,,,,,,,0.07,,,,0.05,,0.04,0.03,0.03,0.07,,,,,,,,,,,,,,,,,,,,,0.02,0.01,,,0.03,0.03,,,0.04,0.05,,0.06,0.04,,,,,,,,0.06,0.01,0.04,,,,0.07,,,,,,,,,,,,,,,,,,,,,,,,,,,,,,,,,,,,,,,,,,,,,,,,,,,,,,,,,0.02,,,,,,,,
Yongzhoushi_431100,,,,,,,,,,,,,,,,,,,,,,,,,,,,,,,0.1,,,,,,,,,,,,,,,,,,,,,,,,,,,,,,,,,,,,,,,,,,,,,,,,,,,,,,,,0.06,,,0.12,,0.1,0.1,,,,,,,,,,,,,,,,,,,,0.03,0.05,0.03,0.05,0.05,0.08,0.04,,0.03,0.05,0.07,,0.18,,0.15,0.05,0.24,0.18,0.1,0.06,,,,,,,,,,,,,,,,,,,,,,,,,,,,,,,,,,,,0.04,0.04,,0.11,,,0.12,,0.1,,0.05,,0.13,,0.04,0.12,,2.21,1.35,1.16,9.59,5.12,0.59,0.71,0.5,0.52,10.96,,0.86,1.38,0.37,0.77,0.71,0.75,0.42,0.14,0.66,0.42,0.17,0.13,0.42,0.46,0.08,0.1,0.15,0.44,1.61,1.35,0.5,,0.06,0.17,0.23,0.52,6.78,0.51,0.23,0.16,0.08,0.16,0.2,0.07,7.43,0.12,0.2,0.11,0.03,,,0.07,0.04,0.09,0.05,,0.03,0.04,,0.03,0.02,0.04,0.03,0.07,0.09,0.03,,,,,,,,,,,,,,,,,0.04,,0.03,,,,,0.02,0.03,,0.03,,0.15,,0.15,0.05,,0.04,,0.02,0.05,,,,,0.06,0.08,0.09,,,,,,,,,,,,,,,,,,,,,,,,,,,,,,,,,,,,,0.01,,,,,,,,,,,,,,,,,,,,,,,,,,,,,,
Huaihuashi_431200,,,,,,,,,,,,,,,,,,,,,,,,,,,,,,,,,,,,,,,,,,,,,,,,,,,,,,,,,,,0.07,,,,,,,,,,,,,,,,,,,,0.05,,,,,,,,0.11,0.12,0.37,0.07,0.06,0.11,0.38,0.12,0.11,0.17,0.16,,,,,,,,,,,,,,,,,0.07,0.06,0.08,0.04,0.17,0.04,0.07,0.07,0.04,0.08,,0.25,0.14,0.1,0.07,0.12,0.14,0.15,0.08,0.1,,,,,,,,,,,,,,,,,,,,,,0.05,,,,,,,,,,,,,,,,0.16,,0.03,0.07,,0.12,,,,0.13,0.04,,,,2.19,1.02,1.32,0.94,9.27,0.6,3.6,4.75,1.72,0.61,0.75,,3.61,15.81,0.16,0.14,0.32,0.14,0.1,0.12,0.09,0.12,0.09,0.07,0.2,0.16,0.11,0.03,0.1,0.15,0.31,0.13,0.08,0.09,0.03,0.12,0.85,1.09,0.07,0.14,0.16,0.05,0.15,0.05,0.06,0.17,0.1,0.09,0.12,0.03,,,,0.04,,0.06,,,0.04,,0.1,,,,,0.11,,,0.31,,,0.03,0.03,,,,0.02,,0.02,0.04,,0.02,,,,,,,,,0.2,0.08,0.21,0.15,0.17,6.31,0.18,5.09,0.2,0.06,0.06,0.03,,0.08,,0.11,0.07,0.01,0.06,0.05,,0.05,0.1,,0.04,,,,,,,,,,,,,,,,,,,0.01,,,,,,,,,,,,,,,,,,,,,,,,,,,,,0.07,,,,,,,,,,,,,,,
Loudishi_431300,,,,,,,,,,,,,,,,,,,,,,,,,,,,,,,,,,,,,,,,,,,,,,,,,,,,,,,,,,,,,,,,,,,,,,,,,,,,,,,,,,,,,,,0.06,,,,0.05,,0.14,,,,,,,,,,,,,,,,,,,0.04,,,0.03,,0.03,0.06,0.04,,0.06,,0.13,,0.64,0.09,0.18,0.08,0.2,0.27,0.24,0.11,0.08,,,,,,,,,,,,,,,,,,,,,,,,,,,,,,,,,,,0.05,0.05,0.06,0.1,,,,0.04,0.12,,0.15,,,,,,,6.66,3.18,8.43,2.93,12.31,1.42,1.72,0.86,5.25,1.26,1.32,4.2,,1.5,0.25,0.35,0.31,0.22,0.04,0.24,0.12,0.07,0.07,0.16,0.17,0.06,0.08,0.06,0.08,0.19,0.29,0.14,0.02,0.03,0.11,0.08,0.1,0.39,0.13,0.14,0.04,0.08,0.02,0.05,0.07,0.18,0.13,0.06,0.07,0.03,,,0.02,0.04,,0.06,0.03,,,,,,,,,0.05,0.03,,0.1,,,0.06,0.02,,,,,0.02,,,,,,,,,,,0.01,,0.12,0.16,0.09,0.15,0.11,0.44,0.16,0.25,0.1,0.05,0.07,0.03,0.04,0.08,,0.05,,0.01,,0.05,0.09,0.02,0.1,0.05,,,0.03,,,,0.04,,,,,,,,,,,,,,,,,,,,,,,,,,,,,0.05,0.03,,,,,,,,,,,,,,,,,,,,,,,0.01,,,,
Xiangxitujiazumiaozuzizhizhou_433100,,,,,,,,,,,,,,,,,,,,,,,,,,,,,,,,,,,,,,,,,,,,,,,,,,,,,,,,,,,,,,,,,,,,,,,,,,,,,,,,,,,,,,,,0.24,0.26,0.07,0.05,0.06,0.16,,,0.15,0.06,,,,,,,,,,,,,,,0.03,,,,0.06,,0.14,,,,,0.08,,0.5,0.1,0.39,,,0.1,0.17,,,,,,,,,,,,,,,,,,,,,,,,0.04,,,,,,,,,,,,,0.05,0.04,,0.19,0.16,0.03,0.12,0.06,0.3,0.08,0.28,,14.34,0.16,,0.09,,2.0,1.11,1.15,0.93,2.85,1.26,4.22,24.71,1.27,0.71,0.73,15.17,2.02,,0.08,0.18,0.08,0.04,0.05,0.08,0.04,0.06,,0.06,0.05,,0.09,,0.05,0.04,0.07,0.05,0.03,0.08,,0.03,0.12,0.45,0.04,,0.06,,0.03,0.02,0.01,,0.14,,,,,,,,,,,,,,,0.04,,,,,,,1.17,,,,,,0.02,,,,,,,0.05,,0.13,,0.05,0.02,,0.02,,0.17,0.06,0.31,0.1,0.06,6.35,0.05,0.49,0.12,0.04,0.03,0.03,0.02,0.1,,,,0.01,0.03,,,,,,,,,,,,,,,,,,,,,,,,,,,,,,,,,,,,,,,,,,,,,,,,,,,,,,,,,,,,,,,,,,,,,
Guangzhoushi_440100,0.11,0.14,0.1,,0.06,0.1,0.08,0.08,,0.03,0.09,0.04,0.04,0.03,0.09,,0.04,,,0.04,0.17,0.02,0.05,,0.06,0.06,,0.08,0.04,,0.27,0.03,,0.04,0.02,0.05,0.09,0.18,0.02,,0.03,0.14,0.07,0.05,0.05,0.01,0.05,0.04,0.06,0.13,0.06,,0.05,,0.07,,0.03,0.02,0.11,0.44,0.18,0.07,0.21,0.06,0.11,0.32,0.1,0.09,0.14,0.09,0.09,,0.17,0.06,0.1,0.14,0.06,0.09,0.12,0.08,0.06,0.07,0.1,0.07,0.06,0.03,0.12,0.14,0.36,0.08,0.05,0.13,0.24,0.12,0.13,0.16,0.1,0.11,0.05,0.09,0.07,0.04,,0.02,0.16,0.14,0.04,0.17,0.06,0.05,0.07,0.11,0.04,0.32,0.23,0.3,0.36,0.49,0.63,0.38,0.57,0.35,0.38,0.41,0.72,0.53,0.4,0.41,5.49,1.19,0.8,0.73,0.31,0.06,0.08,0.03,0.05,,0.07,0.09,0.04,,0.17,,0.13,0.06,0.07,0.02,0.11,0.11,0.11,0.15,0.13,0.08,0.04,0.14,0.1,0.05,0.16,0.21,0.06,0.53,0.12,0.54,0.27,0.61,0.06,0.25,0.17,0.38,0.49,0.57,0.03,0.62,0.45,0.92,0.56,0.62,0.47,0.62,0.98,0.53,2.64,,0.41,0.77,0.5,5.48,2.06,0.88,1.03,0.4,0.68,5.58,3.74,0.76,0.88,0.56,,17.94,5.17,6.29,3.99,24.13,9.93,10.12,9.32,12.63,7.67,10.24,8.96,8.17,10.54,32.15,10.55,7.93,3.13,6.07,10.86,0.87,0.71,1.87,4.36,1.07,0.45,1.75,2.83,2.34,0.83,3.53,0.77,0.63,0.83,0.24,0.48,,0.27,0.29,0.18,0.15,0.26,0.27,0.12,0.18,0.18,0.18,0.04,0.03,0.23,0.46,0.15,0.07,0.5,0.1,0.09,0.07,0.14,0.03,0.05,0.05,0.09,0.1,0.03,0.36,0.05,0.13,0.21,0.38,,0.15,0.04,,0.05,0.16,0.18,0.18,0.4,0.13,0.2,0.36,0.38,0.57,0.27,0.15,0.13,0.1,0.16,0.06,0.3,0.03,0.26,0.06,0.18,0.9,0.36,0.19,0.25,0.07,0.07,0.05,0.03,0.03,0.04,0.02,0.04,,0.07,0.01,0.06,0.04,0.07,,0.16,,0.3,0.08,0.08,,0.05,0.02,0.05,,0.06,0.04,0.05,0.11,0.02,0.06,0.03,,0.05,0.02,,,0.01,,,,0.03,0.01,0.04,,0.04,0.09,0.02,0.08,0.09,0.03,0.02,0.07,0.05,,0.04,0.05,0.05,0.02,0.06,0.02,,0.05,0.01,
Shaoguanshi_440200,,,,,,,,,,,,,,,,,,,,,,,,,,,,,,,,,,,,,,,,,,,,,,,,,,,,,,,,,,,,,,,,,,,,,,,,,,,,,,,,,,,,,,,,,,,,,,,,,,,,,,,,,,,,,,,,,,,,,,,0.05,,0.1,,,,0.2,,0.06,,3.99,0.21,0.1,0.06,,,,,,,,,,,,,,,,,,,,,,,,,,,,0.05,,,,,,,,,0.04,,0.05,0.07,0.02,0.05,,0.04,0.05,0.05,0.09,,,0.05,0.08,,0.08,0.13,0.22,0.91,0.17,0.11,0.11,0.04,0.09,7.42,0.36,0.09,0.14,0.04,3.33,,1.23,1.22,0.23,2.19,0.97,0.37,0.3,0.72,0.92,0.73,0.49,2.64,0.33,8.18,1.06,1.02,0.12,0.29,0.4,0.04,,0.12,0.08,0.1,0.04,0.03,0.08,0.06,0.02,0.25,0.02,0.05,,,,,,,,,0.05,,,,0.03,0.04,0.04,,0.08,,,,,,,,,,,,,,,,,,,,,,,,,,,,,,,0.04,,,,,,,0.01,,,,,,,0.04,,,,,,,,,,,,,,,,,,,,,,,,,,,,,,,,,,,,0.01,,,,,,,,,,,,,,,,,,,,,,,,0.02,,,,,,,,
Shenzhenshi_440300,0.18,0.14,0.07,0.06,0.14,0.08,,0.04,,,0.06,0.04,0.05,0.07,0.03,0.05,0.12,0.05,0.05,,0.21,0.03,0.07,0.05,0.04,0.04,0.02,0.08,0.07,0.04,0.44,,,0.14,0.02,0.07,0.07,0.25,0.05,0.09,0.05,0.11,0.03,0.05,0.02,0.01,,0.03,0.04,0.06,0.09,0.2,0.02,0.15,0.11,0.12,0.09,0.05,0.16,0.75,0.25,0.37,0.21,0.27,0.2,0.06,0.1,0.19,0.72,0.19,0.11,0.48,0.24,0.13,0.12,0.12,0.07,0.14,0.14,0.09,0.04,0.14,0.13,0.05,0.09,0.1,0.16,0.16,0.39,0.1,0.06,0.12,0.2,,0.09,0.21,0.11,0.1,0.13,0.05,0.05,0.05,0.08,0.06,0.37,0.23,0.08,0.21,0.06,0.09,0.16,0.15,0.09,0.43,0.47,0.66,0.28,0.77,0.7,0.33,0.68,0.36,0.56,0.26,0.92,0.89,0.99,0.43,3.18,2.92,0.99,1.08,0.45,0.05,0.09,0.03,0.03,,0.17,0.1,0.08,0.03,0.18,0.03,,0.03,0.11,0.03,0.13,0.14,0.11,0.22,0.17,0.11,0.07,0.15,0.06,0.08,0.12,0.26,0.14,0.65,0.23,0.59,0.27,0.67,0.09,0.25,0.39,0.38,0.46,0.84,0.11,0.58,0.6,0.79,0.96,1.2,0.65,0.43,0.63,0.34,0.76,0.13,0.46,0.81,0.35,2.4,2.32,0.87,1.0,0.6,0.76,2.94,2.42,1.42,0.86,0.44,5.22,4.97,,4.31,5.15,3.07,3.24,4.65,6.23,2.04,27.29,14.51,22.37,13.04,3.87,2.95,24.47,3.75,2.96,8.78,3.17,0.76,0.7,1.73,1.75,0.8,0.69,0.81,1.29,1.97,0.87,1.93,1.02,0.69,1.0,0.3,0.6,,0.41,0.04,0.27,0.3,0.24,0.29,0.06,0.12,0.18,0.13,0.14,0.21,0.12,0.41,0.26,0.07,0.62,0.15,0.15,0.19,0.22,0.07,0.12,0.1,0.13,0.15,0.09,0.56,0.1,0.14,0.28,0.62,0.04,0.13,0.06,0.02,0.02,0.09,0.18,0.1,0.4,0.14,0.28,0.23,0.68,0.53,0.3,0.15,0.09,0.07,0.18,0.2,0.33,0.17,0.34,0.14,0.15,0.62,0.15,0.2,0.15,,0.04,0.04,0.06,0.03,0.08,0.02,0.13,,0.09,0.06,0.09,0.1,0.07,0.05,0.46,,0.3,0.06,0.09,,0.03,0.05,0.1,,0.09,0.09,0.07,0.16,0.04,0.05,0.07,,0.04,0.03,,,0.01,0.08,0.07,0.1,,,0.04,0.03,,0.08,0.01,0.02,,,,0.07,0.03,,,,,,,,,,,
Zhuhaishi_440400,,,,,,,,,,,,,,,,,0.06,,,,,,,,,,0.01,,,,,,,,,,,,,,,,,,,,0.03,,,,0.02,,0.01,0.02,,,,,,,,,,,0.07,0.06,,0.09,,,,,,,,,,,,,,,,,,,,,,,,,,,,,,,,,,,0.02,,,,,,,,,,,0.05,0.03,0.05,,0.08,0.09,0.05,0.05,,0.07,,0.17,0.13,0.15,,0.34,0.18,0.13,0.13,0.05,,,,,,,,,,,,,,,,,,,,,,,,,,,,,,,0.14,,,,0.03,,,,,,0.07,,0.07,0.05,0.1,,,0.05,,,,0.07,0.08,0.08,0.31,0.25,0.14,0.21,0.26,0.13,0.46,0.37,0.23,0.14,0.08,1.69,1.01,1.22,,0.42,1.77,6.65,2.18,2.25,1.08,0.56,0.89,1.18,0.46,3.7,0.8,1.02,21.03,0.21,0.51,1.47,0.12,0.11,0.32,0.51,0.28,0.15,0.16,0.37,0.39,0.18,0.57,0.18,0.19,0.09,0.04,0.06,,0.14,,0.21,0.04,,,0.02,0.06,0.04,0.04,0.04,0.18,,0.05,,,,,,,0.04,,,,,,,0.05,,,,0.06,,,,,,0.02,0.03,,0.08,,,0.06,0.03,0.11,,,,,0.01,0.03,0.02,0.06,,,,0.18,,0.03,,,,,,,0.3,,,,,,,,,,0.07,,,,0.03,0.02,,,,,,,,,,,,,,,,,,,,,,,,,,,0.01,,,,,,,,,,,0.0,,,,,,
Shantoushi_440500,,,,,,,,,,,,,,,,,,,,,,,,,,,,,,,,,,,,,,,,,,,,,,,,,,,,,,,,,,,,,,,,,,,,,,,,,,,,,,,,,,,,,,,,,,,,,,,,,,,,,,,,,,,,,0.03,,0.06,,,0.22,0.4,0.28,0.26,0.53,3.98,0.05,0.65,0.21,,0.06,,0.33,0.03,,1.54,0.15,0.09,0.4,0.09,,,,,,,,,,,,,,,,,,,,,,,,,,,,,0.29,,,,,,,0.04,,,0.13,,,,,0.06,0.05,0.05,0.07,,,0.04,,,0.04,,0.04,,,0.08,,0.04,0.1,0.07,,0.05,,1.75,0.55,2.16,0.8,,0.59,0.32,0.23,0.14,0.31,1.17,5.92,4.2,0.99,0.23,0.44,0.68,0.53,43.87,35.84,0.24,0.05,,0.14,0.06,,0.04,0.02,0.04,0.04,0.08,0.07,0.04,0.02,0.12,0.02,,,0.03,,,0.02,0.09,,0.02,,,,,0.03,0.07,0.03,,0.07,,,,,0.1,,,,,,,0.04,,0.02,0.02,0.06,,0.07,,,,,,,,,,0.03,0.06,0.22,0.03,,0.03,,,,,,,,,0.1,,,0.07,,,,,,0.04,,,,,,,,,,,,,,,,,,,,,,,,,,,,,,,,,,,,,,,,,,,,,,,,,,,,,,,,,,,
Foshanshi_440600,,,0.05,,0.05,0.08,,,,,,,,,,,,,,,0.09,,,,,,,,,,,0.02,,0.03,,,,,,,0.01,,0.03,,,0.01,,,,0.07,0.02,0.02,,,,0.02,,0.02,,0.14,0.05,,,,,,0.02,,,0.04,,,,,,,,,,,,,0.04,,,,,,0.22,,,0.05,0.11,0.1,0.06,,,,0.06,,0.02,0.03,,0.04,0.07,,0.03,,,,0.08,0.05,,0.11,0.1,0.2,0.14,0.3,0.23,0.09,0.35,0.14,0.17,0.14,0.35,0.37,0.13,0.05,2.28,0.68,0.51,0.31,0.17,,,0.02,,0.02,,,,,,,0.05,0.03,,,,0.03,0.04,,,,0.03,0.07,0.08,,,0.14,,0.23,,0.23,0.08,0.13,,0.09,0.17,,0.16,0.15,0.05,0.19,0.22,0.27,0.2,0.27,0.19,0.36,0.16,0.14,0.34,,0.14,0.41,0.17,2.24,0.67,0.41,0.55,0.2,0.46,2.05,2.14,0.6,0.56,0.36,16.46,8.81,2.59,4.33,1.02,,17.34,4.6,6.07,35.27,2.42,3.17,2.49,3.22,11.83,18.36,3.6,13.69,0.82,1.55,17.67,0.84,0.65,2.44,10.42,0.76,0.41,1.83,7.67,3.57,1.29,8.52,0.97,0.8,0.63,0.1,0.09,,0.11,0.09,0.12,,0.07,,,,0.13,0.06,0.14,0.06,0.12,0.09,0.07,,0.27,0.04,0.14,0.07,0.17,0.02,0.04,,0.09,0.06,0.02,0.16,0.03,0.15,0.17,0.3,0.09,0.07,0.04,,,0.05,0.07,0.04,0.22,0.1,0.1,0.7,0.26,0.46,0.16,0.07,0.08,0.04,0.07,0.12,0.07,0.03,0.18,0.03,0.14,0.53,0.13,0.08,0.4,,0.02,,,0.03,0.04,,,,,,,0.02,,,0.12,,0.09,,,0.01,,,,,,,,,0.02,,0.02,,,,,,,,,,,,0.02,,,,,,,,0.06,,,,,,,,0.02,,,,,
Jiangmenshi_440700,,,,,,,,,,,,,,,,,,,,,,,,,,,,,,,,,,,,,,,,,,,,,,,,,,,,,,,,,,,,,,,,,,,0.06,,,0.04,,,,,,,,,,,,,,,,,,,,,,,,,,,0.06,,,,,,,,,,,,,,,,,,,0.1,,0.06,0.04,,0.11,,,,0.06,,0.04,,0.36,0.15,0.13,0.06,0.05,,,,,,,,,,,,,,,,,,,,,,,,,,,,,,,,,,,,,,,0.07,,0.07,0.06,0.08,0.05,0.06,,0.11,,,0.05,,0.03,0.09,0.04,0.31,0.13,0.12,0.14,0.1,0.07,0.36,0.46,0.09,0.1,0.08,3.42,1.02,1.12,7.63,0.21,6.9,,1.91,2.59,3.2,0.61,0.44,0.51,0.49,14.42,1.53,1.37,11.11,0.12,0.27,6.6,0.2,0.2,0.59,2.03,0.25,0.16,0.35,1.47,0.73,0.43,1.26,0.39,0.24,0.29,0.03,,,0.03,,0.03,,0.09,,0.04,,,0.02,0.04,0.03,0.05,,0.03,,,,0.04,,0.04,,,,0.02,,,,,0.04,,0.06,,0.03,,,,,,,0.05,0.05,,0.38,0.08,0.09,0.04,,0.02,,,,,0.02,,,0.03,0.58,,0.02,0.07,0.02,,,,,,,,,,,,,,,,,,,,,,,,,,,,,,,,,,,,,,,,,,,,,,,,,,,,,,,,,,,,,,,,
Zhanjiangshi_440800,,,,,,,,,,,,,,,,,,,,,,,,,,,,,,,,,,,,,,,,,0.01,,,,,,,,,,,,,,,,,,,,,0.07,,0.03,,,,,,,,,,,,,,,,,,,,,,,,,,,,,,0.05,,,,,,,,,,,,,,,,,,,,,,,,,0.08,,0.05,,,,0.06,,,,0.12,0.07,0.07,0.05,,,,,,,,,,,,,,,,,,,,,,,,,,,,,,,,,,,,,,,,,,0.06,,0.05,,,,,,,,,0.03,0.03,0.04,0.13,0.11,0.07,,,0.03,0.18,0.26,0.12,0.03,0.04,2.96,0.63,1.69,3.42,0.16,1.89,2.23,,26.4,0.85,0.59,0.28,0.56,0.34,4.79,0.7,1.28,1.75,0.13,0.2,1.21,0.84,0.48,0.38,0.75,6.38,1.55,1.45,0.71,6.88,0.39,0.33,0.33,0.27,0.33,1.63,1.41,1.31,0.85,1.18,1.45,1.43,1.22,1.65,0.56,0.48,1.1,0.65,1.0,0.52,1.86,1.61,0.57,0.71,,,,,0.02,,,,,0.01,,,,,0.02,,,,,,,0.02,0.05,,,0.02,,,0.14,0.11,0.09,0.07,0.03,0.03,,,,,,0.02,0.03,0.29,0.11,,0.07,,,,,0.03,,,,,,,,,,,,,,,,,,,,,,,,,,,,,,,,,,,,,,,,,,,,,,,,,,,,,,,,,,,,
Maomingshi_440900,,,,,,,,,,,,,,,,,,,,,,,,,,,,,,,,,,,,,,,,,,,,,,,,,,,,,,,,,,,,,,,,,,,,,,,,,,,,,,,,,,,,,,,,,,,,,,,,,,,,,,,,,,,,,,,,,,,,,0.03,,0.06,,0.06,,,,,,,,0.12,,,,,,,,,,,,,,,,,,,,,,,,,,,,,,,,,,,,,,,,,,,,,0.05,,,,,,,,,0.04,,0.03,,,,0.07,,,0.04,0.03,0.09,0.07,,0.05,,3.13,0.59,2.49,3.38,0.12,1.96,2.72,24.84,,1.66,0.88,0.24,0.5,0.33,13.91,0.77,2.74,2.11,0.19,0.2,5.79,0.33,0.26,0.28,1.91,1.04,0.56,0.5,0.5,6.45,0.37,0.47,0.19,0.2,0.18,0.21,0.28,3.94,0.26,0.54,0.42,0.13,0.22,0.25,0.06,0.06,0.19,0.13,0.33,0.15,0.48,0.37,0.46,0.43,,,,,,,,,,,,,,,,,,,,,,,,,,,,0.07,0.07,0.08,0.05,0.03,,0.04,,,,,,,,0.27,,,,,0.02,,,,,,,,,,,,,,,,,,,,,,,,,,,,,,,,,,,,,,,,,,,,,,,,,,,,,,,,,,,,,,,
Zhaoqingshi_441200,,,,,,,,,,,,,,,,,,,,,,,,,,,,,,,,,,,,,,,,,,,,,,,,,,,,,,,,,,,,,,0.07,,,,,,,,,0.04,,,,,,,,,,,,,,,,,,,,,,,,,,,,,,,,,,,,,,,,,,,,,0.27,,0.06,0.04,,0.03,,,,,,,,0.16,,,,,,,,,,,,,,,,,,,,,,,,,,,,,,,,,0.14,,,,,,,,,,,0.03,,,0.06,,,,,,,,,,0.06,0.03,0.23,0.12,0.04,0.06,0.09,0.05,0.45,0.51,0.06,0.06,0.04,3.5,0.95,0.74,1.19,0.18,9.38,3.14,0.77,1.38,,0.48,0.53,0.42,0.52,2.51,3.9,0.96,2.04,0.11,0.26,19.97,0.14,0.2,0.58,5.13,0.16,0.07,0.19,1.19,0.45,0.21,4.17,0.17,0.2,0.07,,,,0.04,,0.04,0.02,,,0.02,,0.03,,,,0.03,,0.19,,,,,,,,,,,,,0.05,,0.02,0.03,,,,,,,,,0.02,0.05,,0.04,0.25,,0.12,0.04,,,,,,,,0.07,,0.03,0.26,0.05,,0.12,,,,,,,,,,,,,,,,,,,,,,,,,,,,,,,,,,,,,,,,,,,,,,,,,0.02,,,,,,,,,,,,,,,,
Huizhoushi_441300,,,,,,,,,,,,,,,,,,,,,,,,,,,,,,,,,,,,,,,,,0.02,,,,0.04,,,,,,,,,,,,0.02,0.01,,,,,,,,,,,,,,,,,,,,,,,,,,,,,,,0.15,,,,,,,,0.12,,,,,,,0.02,0.1,,0.03,0.1,,,,,,0.15,0.15,0.14,0.16,0.36,0.35,0.08,0.33,0.18,0.16,0.14,0.3,0.31,0.24,0.15,2.52,0.98,0.41,0.45,0.15,,,,,,,,,,,,,,,,,,0.04,,,,0.03,,,,0.05,0.05,,0.15,,0.21,0.09,0.16,,0.06,0.2,0.13,0.09,0.21,0.01,0.1,0.17,0.19,0.28,0.25,0.34,0.21,0.09,0.05,0.14,,0.12,0.19,0.12,0.68,0.55,0.26,0.32,0.22,0.2,1.3,0.98,0.3,0.36,0.07,6.1,3.26,19.02,1.84,1.97,2.5,1.83,1.06,1.38,1.2,,9.49,20.23,29.81,1.37,2.8,15.9,2.01,1.39,4.16,1.13,0.21,0.17,0.47,0.4,0.14,0.13,0.35,0.37,0.53,0.36,0.64,0.28,0.2,0.12,0.04,0.07,,0.05,,0.04,0.04,,0.05,0.02,,0.03,0.04,,0.03,,,,0.07,0.17,0.03,0.06,0.05,0.06,,0.02,,,0.04,,0.12,0.02,0.08,0.14,0.21,,0.04,0.02,,0.04,0.03,0.03,0.04,0.09,0.1,0.07,0.4,0.2,0.2,0.12,,0.08,0.03,0.05,0.04,0.04,0.04,0.18,0.05,0.11,0.24,0.1,,0.07,,,0.03,,,,,,,,,,,,,0.1,,0.09,0.02,,0.04,,,,0.04,,,,0.05,,,0.03,,,,,,,,,,,,,,,,0.02,,,,,,,,,,,0.01,,,,,,
Meizhoushi_441400,,,,,,,,,,,,,,,,,,,,,,,,,,,,,,,,,,,,,,,,,,,,,,,,,,,,,,,,,,,,,,,,,,,,,,,,,,,,,,,,,,,,,,,,,,,,,,,,,,,,,,,,,,,,,,,,,,0.07,0.1,0.07,0.19,0.17,0.55,0.12,5.77,0.05,,,,,0.12,,3.32,0.22,0.06,0.23,0.05,,,,,,,,,,,,,,,,,,,,,,,,,,,,,,,,,,,,,,,,,,,,,,,,,,,,,,,0.05,,,,,,0.12,0.06,,,,2.56,1.24,3.6,1.34,3.93,1.16,0.56,0.17,0.17,0.5,3.07,,2.43,8.58,0.28,0.79,1.55,0.84,6.18,7.06,0.31,,,,0.07,,0.04,0.02,0.02,0.03,,0.17,,0.03,0.06,0.02,,,0.02,,,,0.05,0.03,,,,0.04,,,,,0.03,,,,,,,,,,,,,,,,,,,,,,,,,,,,,,,,,,,,,,,,,,,,,,,,0.02,,,,,,,,,,,,,,,,,,,,,,,,,,,,,,,,,,,,,,,,,,,,,,,,,,,,,,,,,,,,,,,
Shanweishi_441500,,,,,,,,,,,,,,,,,,,,,,,,,,,,,,,,,,,,,,,,,,,,,,,,,,,,,,,,,,,,,,,,,,,,,,,,,,,,,,,,,,,,,,,,,,,,,,,,,,,,,,,,,,,,,,,,,,0.05,0.04,0.1,0.06,0.14,0.27,,0.04,,,,,,,,0.11,,,,,,,,,,,,,,,,,,,,,,,,,,,,,,,,,,,,,,,,,,,,,,,,,,,0.06,,,,,,,,,,,,,0.03,0.2,0.06,,,,1.35,0.26,2.91,0.59,1.48,0.52,0.25,0.07,0.13,0.22,3.52,1.78,,1.17,0.22,0.29,1.09,0.38,0.97,5.41,0.13,,0.03,,0.05,0.07,0.06,0.02,0.02,0.02,,0.05,,0.01,,0.02,,,,,,0.04,,0.03,,,,0.02,,,0.05,0.07,,,,,,,,,,,,,,,,,,0.04,0.01,,,,,,,,,,,,,,,,,,0.01,,,,,,,,,,,,,,,,,,,,,,,,,,,,,,,,,,,,,,,,,,,,,,,,,,,,,,,,,,,,,,,,,,,,,,,,,,,
Heyuanshi_441600,,,,,,,,,,,,,,,,,,,,,,,,,,,,,,,,,,,,,,,,,,,,,,,,,,,,,,,,,,,,,,,,,,,,,,,,,,,,,,,,,,,,,,,,,,,,,,,,,,,,,,,,,,,,,,,,,,,,0.05,0.05,0.09,0.09,0.06,0.23,,,0.06,0.06,,,0.1,3.26,0.24,0.11,0.08,0.05,,,,,,,,,,,,,,,,,,,,,,,,,,,,,,,,,,,,0.04,,,,,,,,0.08,,0.06,0.07,,,,,,0.03,0.02,0.1,0.1,0.04,0.05,,0.04,0.23,0.05,,0.03,,1.65,3.84,3.79,0.85,0.57,0.9,0.44,0.25,0.16,0.36,9.89,7.81,1.8,,0.37,0.91,2.18,0.69,0.5,0.95,0.34,0.03,0.04,0.09,0.12,,,,0.07,0.06,0.03,0.11,0.04,0.03,0.04,,,,,,,,,,,,,,,,,0.05,0.03,,,,,,,,,,,,,0.03,,,,0.06,,,,,,,,,,,0.02,,,,,,,,,,,,,,,,,0.02,,,,,,,,,,,,,,,,,,,,,,,,,,,,,,,,,,,,,,,,,,,,,,,,,,,,,,,,,,0.02,,,,,,,,
Yangjiangshi_441700,,,,,,,,,,,,,,,,,,,,,,,,,,,,,,,,,,,,,,,,,,,,,,,,,,,,,,,,,,,,,,,,,,,,,,,,,,,,,,,,,,,,,,,,,,,,,,,0.2,,,,,,,,,,,,,,,,,,,,,,,,,,,,,,0.06,,0.12,,0.09,,,,,,,,,,,,,,,,,,,,,,,,,,,,,,,,,,,,,,,,,,,,,,,,,,,,,,,,,0.06,0.03,0.06,,0.06,,,,0.12,0.15,0.05,,,2.1,0.38,0.79,2.75,0.08,2.57,9.0,3.08,8.35,2.14,0.37,0.2,0.26,0.29,,0.79,0.94,2.95,0.04,0.08,7.03,0.06,0.06,0.16,0.78,0.45,0.19,0.13,0.14,0.49,0.13,0.31,0.14,0.05,0.08,0.05,,,0.08,0.09,,0.15,0.11,0.09,,,0.06,0.06,,0.03,0.08,0.15,,,,,,,,,,,,,,,,,,,,,,,,,,,,,,0.04,,,,,,,,,,,,,,0.18,,,,,,,,,,,,,,,,,,,,,,,,,,,,,,,,,,,,,,,,,,,,,,,,,,,,,,,,,,,,,,,,,,,,
Qingyuanshi_441800,,,,,,,,,,,,,,,,,,,,,,,,,,,,,,,,,,,,,,,,,,,,,,,,,,,,,,,,,,,,,,,,,,,0.06,0.09,,,,,,,,,,,,,,,,,,,,,,,,,,,,,,,,,,,,,,,,,,,,,,,0.03,,,,,,0.07,0.05,,,0.08,,0.07,,0.57,0.13,0.1,0.11,,,,,,,,,,,,,,,,,,,,,,,,,,,,,,,,,,0.07,,,,,0.05,,,0.05,0.05,0.19,,0.08,0.09,0.21,0.09,0.05,0.1,,0.07,0.1,0.18,1.2,1.65,0.14,0.4,0.17,0.39,3.78,4.09,0.45,0.39,0.21,9.14,15.07,1.26,1.35,0.24,5.91,1.82,0.64,0.8,4.37,0.92,0.75,0.58,1.15,1.19,,1.63,1.62,0.21,0.26,1.92,0.07,0.07,0.51,0.52,0.16,0.12,0.1,0.24,0.16,0.04,2.5,0.13,0.05,0.05,0.03,,,,,0.1,0.02,0.05,0.05,0.02,0.03,,,,0.03,0.08,0.09,0.11,,0.09,,,,0.02,,,,0.02,,,,0.01,,,0.07,,0.04,,,0.01,,,,,0.02,,0.28,0.04,0.13,,,,,,,,,0.04,,0.04,0.13,0.09,,,,,,,,,,,,,,,,,,,,,,,,,,,,,,,,,,,,,,,,,,,,,,,,,,,,,,0.02,,,,,,,,,,,,,
Dongguanshi_441900,,,,,,0.07,,,,,,,,,,,,,0.04,,,,,,,,,,,,0.1,,,,,,0.02,0.06,0.03,,0.02,0.03,0.02,,,,0.02,,,,0.02,0.04,0.02,0.07,,0.02,,,0.09,0.09,0.08,0.07,,0.03,0.12,0.06,0.06,,,,,,,,0.09,0.07,0.04,0.08,0.08,,0.06,0.05,0.05,0.05,,,0.07,0.11,0.34,0.1,,,0.18,0.08,0.07,0.21,0.05,0.04,0.05,0.04,0.04,0.02,0.05,0.06,0.28,0.06,0.04,0.23,,0.04,0.07,0.06,0.03,0.19,0.24,0.61,0.29,0.56,0.48,0.25,0.85,0.26,0.22,0.2,0.95,0.55,0.43,0.15,4.2,2.41,0.71,0.8,0.31,,,,,,0.06,0.06,0.05,,0.06,,0.08,,0.06,,0.07,0.05,0.07,0.09,0.08,0.04,,0.08,0.08,,0.11,0.23,0.1,0.99,0.2,0.79,0.28,0.54,,0.12,0.36,0.33,0.26,0.63,0.08,0.39,0.4,0.66,0.85,0.84,0.92,0.54,0.3,0.2,0.57,0.06,0.25,0.61,0.33,2.47,2.41,0.82,1.09,0.69,0.67,5.33,4.65,0.96,1.02,0.21,7.88,5.0,20.01,3.33,2.1,4.11,4.43,3.28,7.43,3.26,21.29,7.33,7.99,11.68,4.84,5.36,,5.0,1.54,4.19,4.08,0.69,0.61,1.26,2.29,0.75,0.55,2.97,2.36,3.7,1.26,2.26,1.15,0.97,0.88,0.1,0.23,,0.26,,0.19,0.15,0.2,0.17,0.02,0.03,0.05,0.09,0.23,0.06,0.14,0.09,0.11,,0.45,0.06,0.1,0.04,0.12,0.02,0.07,0.06,0.1,0.07,0.02,0.34,0.03,0.16,0.36,0.79,0.01,0.14,0.07,0.01,0.07,0.14,0.09,0.15,0.4,0.18,0.22,0.21,0.81,0.98,0.36,0.11,0.14,0.06,0.13,0.16,0.1,0.07,0.26,0.08,0.29,1.19,0.19,0.08,0.3,0.05,0.09,,,,,0.02,,,0.04,,0.04,0.04,0.07,0.05,0.24,,0.35,0.08,,,,0.03,0.08,,,0.02,,0.1,0.02,0.05,0.02,0.01,,0.04,,,,0.08,,,,,0.02,,0.04,,,,,0.01,,,0.02,,,,,,,,,,,
Zhongshanshi_442000,,,,,,,,,,,,,,,,,,,,,,,,,,,,,,,,,,,,,,,,,,,,,,,,,,,,,,,,,,,,,0.06,,,,,,0.04,,,,,,,,,,,,,,,,,,,,,,,,,,,,,,,,,,,,,0.02,0.06,,,,,,,,,0.06,0.05,0.08,0.06,0.09,0.12,,0.1,0.08,0.06,,0.15,0.11,0.06,0.05,1.05,0.42,0.16,0.14,0.15,,,,,,,,,,,,,,,,,,,,,,,,,,,0.12,,0.13,,0.14,0.06,0.1,,,0.09,,0.07,0.13,0.06,0.04,0.16,0.13,0.12,0.11,0.35,0.22,,0.04,,,0.07,0.14,0.12,1.45,0.44,0.16,0.29,0.11,0.19,1.1,1.07,0.36,0.24,0.09,3.05,2.09,1.9,36.74,0.49,7.15,15.64,2.52,2.8,3.54,1.09,1.46,1.5,1.09,7.14,2.3,2.34,,0.51,0.69,4.28,0.42,0.26,0.82,3.83,0.41,0.16,1.01,4.36,1.51,0.6,3.58,0.51,0.6,0.3,0.04,0.09,,0.03,,0.04,0.02,,,0.04,,,0.06,,0.06,,,0.07,,0.12,,0.03,,0.3,,,0.06,0.02,0.04,0.01,0.07,,0.39,0.03,0.06,,0.06,0.01,,,,0.04,,0.11,0.02,0.03,0.4,0.18,0.16,0.11,,0.03,,0.05,0.09,0.07,,,,0.03,0.35,,,0.05,,,,,0.07,,,,,,,,,,,0.08,,0.08,,,,,,,,,,,,,,,,,,,,,,,,,,,,,,0.01,0.04,,,,,,,,,,,,,,,,
Chaozhoushi_445100,,,,,,,,,,,,,,,,,,,,,,,,,,,,,,,,,,,,,,,,,,,,,,,,,,,,,,,,,,,,,,,,,,,,,,,,,,,,,,,,,,,,,,,,,,,,,,,,,,,,,,,,,,,,,,,,,,0.12,0.23,0.12,0.09,0.29,2.85,,0.82,0.09,,,,,,,0.86,0.11,,0.13,,,,,,,,,,,,,,,,,,,,,,,,,,,,,,,,,,,,,,,,,,,,,,,,,,,,,,,,,,,,,,0.08,,,,,0.86,0.19,0.65,0.35,26.99,0.31,0.19,,0.06,0.16,0.46,4.99,1.33,0.5,0.08,0.15,0.3,0.24,,10.06,0.07,,,0.06,,,,0.02,0.02,,0.04,,0.02,,0.09,,,,,,,,,,,,,,0.04,,,,,,,,,,,,,,,,,,,,,,,,,,,,,,,,,,0.03,0.09,0.05,,,,,,,,,,,,,,,,,,,,,,,,,,,,,,,,,,,,,,,,,,,,,,,,,,,,,,,,,,,,,,,,,,,,,,,,,,,,,,,
Jieyangshi_445200,,,,,,,,,,,,,,,,,,,,,,,,,,,,,,,,,,,,,,,,,,,,,,,,,,,,,,,,,,,,,,,,,0.05,,,,,,,,,,,,,,,,,,,,,,,,,,,,,,,,,,,,,,,,,,,,,,,,,0.1,0.12,0.23,0.08,0.31,0.81,0.04,0.52,0.12,,,,,0.13,,1.31,0.35,0.09,0.42,,,,,,,,,,,,,,,,,,,,,,,,,,,,,,,,,,,,,,,,,0.02,,,0.04,,0.06,,,,0.04,0.04,,,0.03,,,,,0.07,,,0.14,0.09,0.07,,,1.87,0.66,2.56,0.94,30.03,0.68,0.37,0.17,0.13,0.33,1.91,9.25,11.79,1.61,0.28,0.34,1.16,0.54,13.43,,0.18,0.04,0.06,0.16,0.04,,0.05,0.03,0.05,0.06,0.04,0.12,0.07,,0.04,0.02,,,,,,,,0.03,0.02,,,,,,,,,0.03,,,,,0.03,,,,,,,,,,,,,,,,,,,,0.04,,,0.06,,0.12,,,,,,,,,,,,0.06,,,0.1,,,,,,,,,,,,,,,,,,,,,,,,,,,,,,,,,,,,,,,,,,,,,,,,,,,,,,,,,,,,,,,,,
Yunfushi_445300,,,,,,,,,,,,,,,,,,,,,,,,,,,,,,,,,,,,,,,,,,,,,,,,,,,,,,,,,,,,,,,,,,,,,,,,,,,,,,,,,,,,,,,,,,,,,,,,,,,,,,,,,,,,,,,,,,,,,,,,,,,,,,,,,0.08,,,,,,,,,,,,,,,,,,,,,,,,,,,,,,,,,,,,,,,,,,,,,,,,,,,,,,,,,,,0.04,0.03,,,,0.05,0.12,0.06,,0.06,,1.72,0.33,0.65,1.03,,2.91,3.23,0.8,2.82,11.08,0.32,0.14,0.15,0.38,5.79,1.04,0.78,1.36,0.04,0.08,,0.11,0.09,0.24,3.23,0.15,0.13,0.25,0.55,0.63,0.25,0.6,0.04,0.14,0.16,,,,0.03,,,,,,,,,,,,,,0.26,,,,,,,,,,,,,,,,,,,,,,,,,,,,,0.05,0.11,,,,,,,,,,,,,0.19,,,,,,,,,,,,,,,,,,,,,,,,,,,,,,,,,,,,,,,,,,,,,,,,,,,,,,,,,,,,,,,,,,,,
Nanningshi_450100,,,,,,,,,,,,,,,,0.04,,,,,0.07,,,,,,,,,,,,,0.01,,,,,,,,,,,,,,,,,,,0.03,,,0.02,,0.02,0.04,0.18,,,0.21,0.03,,,,,,,,,,,,,,,,,0.03,,,,0.04,,,,,,,,,0.06,,,,0.03,0.04,,,,,,,,,,,0.03,,0.05,,0.12,0.06,0.07,0.04,0.2,0.13,0.05,0.08,0.09,0.07,,0.06,0.09,0.04,0.16,0.13,0.08,0.13,,,,,,,,,,0.04,,,0.03,0.05,,,,,0.03,,,,,,,,,,,,,,0.08,,,,0.04,,,0.05,,,0.04,0.05,0.08,,,,,0.05,,,,0.09,0.07,0.09,0.37,0.38,0.14,0.13,0.08,0.06,0.19,0.6,0.3,0.18,0.05,0.51,0.17,0.53,0.36,0.19,0.78,0.63,2.32,1.13,0.48,0.28,0.04,0.17,0.12,0.52,0.24,0.62,0.7,0.11,0.2,0.56,,11.95,10.94,8.16,20.27,34.05,30.44,20.87,20.32,39.12,6.08,37.72,17.51,61.87,0.18,0.35,,0.07,0.04,0.25,0.15,0.18,0.23,0.04,0.09,0.1,0.25,0.19,0.12,0.19,0.2,0.07,0.15,0.21,0.05,0.03,0.09,0.11,0.02,,0.07,0.02,0.02,0.01,0.05,0.03,0.09,0.05,0.04,0.02,,0.03,0.02,0.05,0.05,0.18,0.14,0.13,0.1,0.06,0.15,0.96,0.29,0.45,0.2,0.23,0.16,0.09,0.06,0.06,0.05,0.12,0.07,0.29,1.96,0.17,0.11,0.05,0.02,,,,0.03,,0.02,,,,,,,,0.03,,,,,0.03,,,0.02,,,,,,,,,,0.02,,,,,,,,,,,,,,0.04,0.02,,0.04,,,,0.03,,0.03,,,0.0,,0.01,,,,
Liuzhoushi_450200,,,,,,,,,,,,,,,,,,,,,,,,,,,,,,,,,,,,,,,,,,,,,,0.01,,,,,,,,,,,,,,,,,,,,,,,,,,,,,,,,,,,,,,,,,,,,,,,,,0.05,,,,,,,,,,,,,,,,,,,,,,,0.06,0.03,,,,,,0.09,,0.1,,,0.08,0.11,,,,,,,,,,,,,,,,,,,,,,,,,,,,,,,,,,,,,,,,,,,,,0.05,,,,,,,,,0.05,0.08,0.04,0.35,0.48,0.04,,,0.04,0.18,0.52,1.34,0.07,0.09,0.15,0.05,0.14,0.13,0.04,0.18,0.25,0.5,0.35,0.16,0.1,0.04,0.09,0.04,0.19,0.12,0.18,0.17,0.03,0.08,0.15,5.52,,16.5,2.78,2.29,2.97,1.95,5.95,2.89,1.93,3.73,18.57,46.22,1.54,0.04,,,0.04,,,0.05,,0.03,,0.03,,,0.04,,,0.05,,,,,0.02,,0.06,,,,,0.01,,,,,,,,,0.01,,,,0.06,0.03,0.07,0.04,0.03,0.09,0.14,2.68,0.26,0.03,0.06,,,0.03,0.03,,,0.03,0.05,0.34,,0.03,,,,,,0.03,,,,,,0.01,,,,,,,,,,,,,,,,,,,,,,0.01,,,,,,,,,,,,,,,,,,,,,,,,,,,,,,,,
Guilinshi_450300,,,,,,,,,,,,,,,,,,,,,,,,,,,,,,,0.13,,,,,,,,,,,,,,,,,,,,,,,,,,,0.03,,,,0.07,,,,,,0.09,,,,,,,,,,,,,,,,,,,,,,,,,,0.08,0.05,,,,,,,,,,,,,,,,,,,0.06,0.03,0.05,,0.13,0.06,,0.03,,0.07,0.06,0.1,0.13,0.16,0.14,0.17,0.15,0.24,0.13,0.05,,,,,,,,,,,,,,,,,,,,,,,,,,,,,,,,,,,0.04,,,,,0.03,0.05,0.04,0.05,,0.1,0.06,0.11,0.08,,,,0.24,0.29,0.31,1.06,3.97,0.15,0.24,0.31,0.16,0.83,10.04,1.74,0.45,0.37,0.48,0.34,0.58,0.63,0.2,0.69,0.55,0.83,0.75,0.64,0.27,0.1,0.48,0.24,0.39,0.45,0.53,0.54,0.16,0.1,0.48,5.26,14.13,,6.88,2.23,2.13,1.63,2.92,1.7,1.62,20.56,2.98,5.13,1.08,0.05,0.08,,0.05,,0.12,,0.09,0.15,,,0.09,0.04,,,,0.07,0.03,,0.19,0.04,0.04,,0.12,0.03,,,0.03,0.03,0.05,0.06,0.03,0.11,0.05,0.05,,,0.02,,0.03,,0.17,0.12,0.21,0.21,0.15,0.28,0.19,1.69,0.5,0.04,0.06,0.02,,0.05,,0.04,,0.05,0.04,0.51,0.24,0.05,0.05,,0.02,,0.03,0.03,0.04,,,,,0.01,,,,,,,,,,,,,,,,,,,,,,,0.04,0.01,,,,,,,,,,,,,,,,,,,0.02,,,0.02,,,,,,,,
Wuzhoushi_450400,,,,,,,,,,,,,,,,,,,,,,,,,,,,,,,,,,,,,,,,,,,,,,,,,,,,,,,,,,,,,,,,,,,,,,,,,,,,,,,,,,,,,,,,,,,,,,,,,,,,,,,,,,,,,,,,,,,,,,,,,,,,,,,,,,,,,,,,,,,,,,,,,,,,,,,,,,,,,,,,,,,,,,,,,,,,,,,0.05,,,,,,,,,,,,,,0.1,,,,,0.09,0.24,,0.07,0.03,0.59,0.13,0.34,0.45,0.05,1.43,1.17,0.44,1.29,2.74,0.14,0.08,0.1,0.12,0.57,0.32,0.49,1.24,,0.09,3.92,1.85,1.53,3.29,,0.64,0.48,0.8,7.49,3.94,0.46,14.69,0.43,1.26,0.43,0.03,,,,0.04,0.12,0.05,0.18,0.07,0.02,0.06,0.09,0.09,,,0.1,0.07,,0.03,,,,,,,,,,,,,,,,,,,,,,,,,,,,,0.1,0.05,,,,,,,,,0.06,0.03,0.03,0.14,,,,,0.02,,,,,,,,,,,,,,,,,,,,,,,,,,,,,,,,,,,,,,,,,,,,0.01,,,,,,,,,,,,,,,,,,,
Beihaishi_450500,,,,,,,,,,,,,0.03,,,,,,,,,,,,,,,,,,,,,,,,,,,,,,,,,,,,,,,,,,,,,,,,,,,,,,,,,,,0.73,,,,,,,,,,,,,,,,,,,,,,,,,,,,,,,,,,,,,,,,,,,,,,,,,,,,,0.06,,,,,,,,,,,,,,,,,,,,,,,,,,,,,,,,,,,,,,,,,,,,,,,,,,,,,,,,,,,,0.09,0.06,0.09,0.07,0.2,0.1,,0.06,0.02,0.11,0.3,0.22,0.12,0.15,0.15,,0.14,0.14,0.04,0.14,0.15,4.5,1.03,0.13,0.05,0.02,,0.03,0.72,0.07,0.14,0.16,,,0.21,6.83,2.44,2.07,1.38,,7.69,16.63,2.92,9.77,2.14,0.78,1.79,1.76,2.35,0.08,0.16,,0.12,,0.12,0.11,0.07,0.09,0.02,,0.16,0.02,0.14,0.06,0.05,0.18,0.15,,0.16,0.04,0.03,0.07,0.04,0.01,,,0.02,,0.02,0.03,0.02,0.06,0.04,,,,,,0.02,0.05,0.25,0.14,0.22,0.14,0.05,0.25,0.43,0.54,0.45,0.14,0.11,0.05,,0.03,,0.04,0.12,0.08,0.28,0.8,,0.03,,,,,,,,,,,,,,,,,,,,,,,,,,,,,,,,,,,,,,,,,,,,,,,,,,,,,,,,,,,,,,,,,,0.07
Fangchenggangshi_450600,,,,,,,,,,,,,,,0.03,,,,,,,,,,,,,,,,,,,,,,,,,,,,,,,,,,,,,,,,,0.05,,,,,,,,,,,,,,,,,,,,,,,,,,,,,,,,,,,,,,,,,,,,,,,,,,,,,,,,,,,,,,,,,,,,,,,,,,,,,,,,,,,,,,,,,,,,,,,,,,,,,,,,,,,,,,,0.04,,,,,,,,,,,,,,,,,,,,0.02,0.09,0.07,,,,,,0.16,,0.05,,0.04,,,,,0.04,0.06,0.82,0.26,,,,,,0.16,0.02,0.05,0.04,,,0.07,7.85,2.15,1.07,0.57,5.79,,14.92,1.03,1.52,2.33,0.4,1.7,1.28,6.63,0.02,,,0.07,,,,0.03,0.03,,,,0.02,0.09,,,0.05,,,,,,0.04,,,,,,0.02,,,,,,,,,,,,0.04,0.09,,,0.06,,,0.11,0.04,0.17,0.05,0.07,0.03,,,,0.02,,,0.1,0.25,,,,,,,,,,,,,,,,,,,,,,,,,,,,,,,,,,,,,,,,,,,,,,,,,,,,,,,,,,,,,,,,0.01,,,,
Qinzhoushi_450700,,,,,,,,,,,,,,,,,,,,,,,,,,,,,,,,,,,,,,,,,,,,,,,,,,,,,,,,,,,,,,,,,,,,,,,,,,,,,,,,,,,,,,,,,,,,,,,,,,,,,,,,,,,,,,,,,,,,,,,,,,,,,,,,,,,,,,,,,,,,,,,,,,,,,,,,,,,,,,,,,,,,,,,,,,,,,,,,,,,,,,,,,,,,0.05,,,,,,,0.08,0.06,0.04,,0.26,0.05,0.22,0.18,,0.43,0.29,1.18,0.51,0.17,0.12,0.04,0.05,0.05,0.33,0.13,0.58,0.41,,0.05,0.24,8.17,1.29,0.98,0.65,22.38,20.18,,2.0,4.91,1.67,0.59,0.96,0.82,2.83,0.03,,,0.08,,0.09,0.05,0.05,0.11,0.08,0.03,,0.15,0.09,,0.05,0.05,0.03,0.07,,,,,,,,,,0.01,,,,,,,,,,,,,,,,0.03,,,0.07,0.09,0.06,0.03,0.02,0.03,,,,,0.04,,0.13,0.37,,,,,,,,,,,,,,,,,,,,,,,,,,,,,,,,,,,,,,,,,,,,,,,,,,,,,,,,,,,,,,,,,,,,
Guigangshi_450800,,,,,,,,,,,,,,,,,,,,,,,,,,,,,,,,,,,,,,,,,,,,,,,,,,,,,,,,,,,,,,,0.07,,,,,,,,,,,,,,,,,,,,,,,,,,,,,,,,,,,,,,,,,,,,,,,,,,,,,,,,0.07,,,,,,,,,,,,,,,,,,,,,,,,,,,,,,,,,,,,,,,,,,,,,,,,,,,,,,,,,,,,,,,,,,,,,0.06,0.05,,0.04,,0.02,0.06,0.14,0.06,0.04,,0.58,0.08,0.38,0.39,,1.83,1.11,0.63,0.48,0.81,0.17,0.05,0.24,0.11,0.22,0.33,0.65,2.16,0.04,0.1,0.76,6.83,4.52,1.91,9.55,2.52,1.68,2.57,,13.37,1.44,1.56,1.58,8.09,1.2,,,,0.05,,,,,,,,,,,0.03,,,,,,,,,0.02,,,,,,,,,,,,,,0.01,,,,0.03,0.04,,,0.04,,0.07,0.08,0.09,,,,,,,,,,,0.25,,,,,,,,,,,,,,,,,,,,,,,,,,,,,,,,,,,,,,,,,,,,,,,,,,,,,,,,,,,,,,,,,,,,
Yulinshi_450900,,,,,,,,,,,,,,,,,,,,,,,,,,,,,,,,,,,,,,,,,,,,,,,,,,,,,,,,,,,,,,,,,,,,,,,,,,,,,,,,,,,,,,,,,,,,,,,,,,,,,,,,,,,,,,,,,,,,,,,,,,,,,,,0.07,,,,,,,,,,,,,,,,,,,,,,,,,,,,,,,,,,,,,,,,,,,,,,,,,,,,,,,,,,,0.03,,0.07,0.06,,0.04,,,,0.19,0.1,0.03,,0.54,0.11,0.82,0.51,0.08,0.98,0.75,6.53,7.84,0.5,0.43,0.04,0.09,0.16,0.93,0.25,1.28,0.97,0.05,0.06,1.2,8.05,3.42,1.99,8.83,10.34,3.22,6.81,15.08,,1.87,2.14,1.37,1.78,1.88,0.1,0.07,,0.21,,0.03,0.09,,,,0.09,0.06,0.11,0.23,0.09,0.12,0.15,0.15,0.03,,,,0.03,,,,,,,,,,,,,,,,,,,0.03,0.04,0.04,0.06,,0.04,0.17,0.13,0.14,0.04,0.05,0.02,,,0.04,,0.04,,0.05,0.51,0.06,0.03,0.11,,,,,,,,,,,,,,,,,,,,,,,,,,,,,,,,,,,,,,,,,,,,,,,,,,,,,,,,,,,,,,,,,
Baiseshi_451000,,,,,,,,,,,,,,,,,,,,,,,,,,,,,,,,,,,,,,,,,,,,,,,,0.01,,,,,,,,,,,,,,,,,,,,,,,,,,,,,,,,,,,,,,,,,,,,,,,,,,,,,,,,,,,,,,,,,,,,,,,,,0.04,,,,,,,,,,,,,,,,,,,,,,,,,,,,,,,,,,,,,,,,,,,,,,,,,,,,,,,,,,,,,0.04,,,,,,,0.07,,,,,0.07,0.05,0.06,0.03,,0.11,0.03,0.16,0.14,0.12,0.28,0.47,0.38,0.42,0.29,0.11,0.02,0.07,0.08,0.35,0.06,0.26,0.31,0.03,0.05,0.2,8.61,1.12,0.89,0.57,1.23,2.79,1.74,1.36,1.21,,0.39,8.45,1.1,6.72,0.02,,,,,0.04,0.08,,,,0.03,0.03,0.06,,0.03,,,,0.03,,,0.02,0.11,0.03,,,,0.01,,,,0.01,0.02,,,,,0.01,,,0.03,0.12,0.33,0.11,0.21,0.08,0.05,7.84,0.06,0.48,0.2,0.9,0.14,0.12,0.07,0.06,0.03,0.09,0.09,0.32,9.68,0.15,0.12,0.17,0.02,0.02,,,0.03,,,,,,,,,,,,,,,,,,,,,,,,,,,,,,,,,,,,,,,,,,,,,,,,,,,,,,,,,,,,
Hezhoushi_451100,,,,,,,,,,,,,,,,,,,,,,,,,,,,,,,,,,,,,,,,,,,,,,,,,,,,,,,,,,,,,,,,,,,,,,,,,,,,,,,,,,,,,,,,,,,,,,,,,,,,,,,,,,,,,,,,,,,,,,,,,,,,,,,0.05,,0.07,,,,,,,,,,,,,,,,,,,,,,,,,,,,,,,,,,,,,,,,,,,,,,,,,,,,,,,,0.03,0.07,,0.08,0.14,,,,0.03,0.24,4.79,0.08,0.09,,0.29,0.13,0.23,0.27,0.09,0.77,0.54,0.39,0.43,1.72,0.13,0.1,0.09,0.07,0.33,0.81,0.29,0.84,0.04,0.04,0.57,0.97,1.39,8.94,12.95,0.28,0.24,0.31,1.15,1.35,0.3,,0.4,0.62,0.25,,,,,0.09,0.19,0.04,0.15,0.07,0.02,,0.07,0.02,0.28,0.03,0.05,0.05,0.03,,,,0.01,,0.04,,,,,,,,,,,,,,,,,,,,0.04,0.03,0.04,0.06,0.04,0.09,0.07,,,,0.01,0.03,,,,,,0.08,,,,,,,,,,,,,,,,,,,,,,,,,,,,,,,,,,,,,,,,,,,,,,,,,,,,,,,,,,,,,,,,,,,,
Hechishi_451200,,,,,,,,,,,,,,,,,,,,,,,,,,,,,,,,,,,,,,,,,,,,,,,,,,,,,,,,,,,,,,,,,,,,,,,,,,,,,,,,,,,,,,,,,,,,,,,,,,,,,,,,,,,,,,,,,,,,,,,,,,,,,,,0.06,,,,,,,,,,,,,,,,,,,,,,,,,,,,,,,,,,,,,,,,,,,,,,,,,,,,,,,,,,,,0.03,0.04,0.12,,,,0.02,0.06,0.06,,0.03,0.04,0.11,0.05,0.17,0.13,0.05,0.25,0.26,0.36,0.2,0.18,0.14,,0.1,0.03,0.41,0.11,0.27,0.26,0.04,,0.08,8.97,11.35,2.33,0.9,1.61,1.88,1.15,1.48,0.89,7.56,0.58,,4.4,1.57,0.02,,,,0.14,0.06,0.17,0.22,0.03,0.1,,0.07,0.06,0.04,,0.07,0.09,,0.03,,,,,,,,,,,,,,,0.04,,,,,,0.02,,0.16,0.02,0.07,0.11,0.05,0.06,0.29,0.39,2.3,,0.02,0.03,,0.03,,0.02,,0.02,0.09,0.24,,,,,,,,,,,,,,,,,,,,,,,,,,,,,,,,,,,,,,,,,,,,,,,,,,,,,,,,,,,,,,,,,,,,
Laibinshi_451300,,,,,,,,,,,,,,,,,,,,,,,,,,,,,,,,,,,,,,,,,,,,,,,,,,,,,,,,,,,,,,,,,,,,,,,,,,,,,,,,,,,,,,,,,,,,,,,,,,,,,,,,,,,,,,,,,,,,,,,,,,,,,,,,,,,,,,,,,,,,,,,,,,,,,,,,,,,,,,,,,,,,,,,,,,,,,,,,,,,,,,,,,,,0.03,0.07,0.06,,,,,0.06,0.18,0.09,,,0.1,,0.13,0.12,,0.18,0.25,0.32,0.19,0.12,0.08,0.03,,0.04,0.11,0.1,0.21,0.29,,0.05,0.09,4.62,26.7,4.66,2.02,1.45,1.27,1.6,7.26,2.03,1.16,1.28,3.72,,0.88,,,,,,,,,,,,,,,,,,,0.07,,,,,,,,,,,,,,,,,,,,,,,,0.02,,,,,0.07,0.11,0.07,,0.03,0.02,,,,,,,0.03,0.19,,,,0.02,0.02,,,,,,,,,,,,,,,,,,,,,,,,,,,,,,,,,,,,,,,,,,0.01,,,,,,,,,,,,,,,,,,,,,
Chongzuoshi_451400,,,,,,,,,,,,,,,,,,,,,,,,,,,,,,,,,,,,,,,,,,,,,,,,,,,,,,,,,,,,,,,,,,,,,0.07,,,,,,,,,,,,,,,,,,,,,,,,,,,,,,,,,,,,,,,,,,,,,,,,,,,,,,,,,,,,,,,,,,,,,,,,,,,,,,,,,,,,,,,,,,,,,,,,,,,,,,,,,,,,,,,,,,,,,,,0.06,0.05,,,,,,0.05,,,,0.05,,0.09,0.05,,0.07,0.17,0.41,0.26,0.06,,,,,0.19,0.04,0.12,0.12,0.06,0.03,0.12,11.31,0.81,0.79,0.77,2.12,6.85,2.61,1.16,0.95,5.72,0.5,1.23,0.73,,,,,,,,,,,,,,,,0.03,,,,,,,,,,,,,0.02,,,0.03,,,,,,,,,,,,0.04,,,,,0.08,0.08,0.03,,0.02,0.02,,,,,,,0.1,0.57,,,,,,,,,,,,,,,,,,,,,,,,,,,,,,,,,,,,,,,,,,,,,,,,,,,,,,,,,,,,,,,,,,,,
Haikoushi_460100,,,,,,,,,,,,,,,,,,,,,,,,,0.03,0.03,,,,,0.13,0.02,,,,,,,,0.04,,0.03,,,,,,,,,0.03,0.04,,0.04,,0.02,,,0.07,0.18,,,,,,,0.02,0.09,0.14,,0.04,0.24,,,,,,,,,,,,,,,,,,,,,,,,,,,,,,,,,0.05,0.06,,,,,,,,,,,0.04,0.06,0.06,,,,0.07,,0.05,,0.05,,0.08,0.1,0.08,0.06,,,,,,,,,,,,,,,,,,,,,,,,,,,,0.05,,,,,,,,,,,,0.07,,,,0.06,0.07,,,,,,,,0.05,0.05,0.03,0.12,0.04,0.08,0.1,0.05,0.02,0.11,0.12,0.06,0.05,,0.09,,0.11,0.13,0.1,0.06,0.1,4.4,0.61,,,0.04,0.07,0.03,0.14,0.03,0.05,0.03,0.06,0.06,0.12,0.18,0.04,0.31,0.08,0.28,,0.12,0.1,0.23,0.03,0.03,0.03,0.07,0.11,,14.85,34.21,34.04,16.69,30.9,62.37,34.63,25.31,55.01,40.82,56.99,45.9,22.34,28.29,16.29,15.63,11.98,29.6,0.09,0.03,0.01,,0.02,,,,,,,0.03,,,0.02,,,0.09,,,,,0.04,,,,,,0.03,,0.04,0.05,,,0.04,,,0.03,,,,0.14,,0.04,,,,,,,,0.02,,,,,,,,,,,,,,,,,,,0.04,,,0.04,,,,,,,,,,,,,,,,,,,,,,,,,,,0.03,,,0.0,,0.02,,,,
Sanyashi_460200,0.09,0.08,0.06,,,,0.04,,,,,,0.03,0.06,,,0.04,,0.03,,0.08,0.03,,0.03,0.05,0.03,0.03,,0.04,,0.3,,0.03,,,,0.04,,,,0.02,0.03,,,,,0.02,0.02,,,0.07,0.08,0.03,,0.03,,0.03,,0.23,,,0.07,,,,0.06,,,0.14,,,,0.11,0.05,,,,,,,,,,,,,,,,,,,,,,,,0.04,,,,,,,,,,,,,,,,,,,,,,,,,0.07,0.06,0.05,,0.09,,0.07,0.07,,,,0.04,,,,0.02,,,,0.03,,,,,,0.02,,0.04,,,,,,,,,,0.05,,,,,,,,,,,,,,,,,,,,,,0.04,,,0.09,0.04,0.03,0.06,0.05,0.05,,0.06,0.02,0.05,0.08,,0.03,0.04,0.04,,0.06,0.04,0.05,0.03,0.06,1.54,0.27,,,0.04,,,0.08,,,,,0.05,0.05,0.09,0.03,0.14,0.05,0.08,,0.06,0.05,0.17,0.03,0.05,0.05,0.03,,6.41,,7.89,6.68,14.71,6.63,4.37,13.3,14.1,3.17,4.3,2.61,4.48,4.01,7.09,40.74,33.75,31.04,4.74,0.28,0.1,,,0.09,0.04,0.03,,,,0.03,,0.02,0.05,0.05,0.1,0.01,0.03,,,,,0.09,,0.12,,,0.05,0.11,0.05,0.04,0.05,0.03,,,0.03,,0.08,,,0.05,0.05,,,,0.02,,,,,0.04,,,,0.05,,,,,0.04,,,0.07,,0.04,,0.01,0.02,,,,,,,,,,0.01,,0.0,,,0.03,,,,,,,,,,,,,0.01,,,,,,,,,,,,,,
Sanshashi_460300,,,,,,,,,,,,,,,,,,,,,,,,,,,,,,,,,,,,,,,,,,,,,,,,,,,,,,,,,,,,,,,,,,,,,,,,,,,,,,,,,,,,,,,,,,,,,,,,,,,,,,,,,,,,,,,,,,,,,,,,,,,,,,,,,,,,,,,,,,,,,,,,,,,,,,,,,,,,,,,,,,,,,,,,,,,,,,,,,,,,,,,,,,,,,,,,,,,,,,,,,,,,,,,,,,,,,,,,,,,,,,,,,,,,,,,,,,,,,0.07,,,0.08,,,,,,,,,,,,,,,,,,,,,,,,,,,,,,,,,,,,,,,,,,,,,,,,,,,,,,,,,,,,,,,,,,,,,,,,,,,,,,,,,,,,,,,,,,,,,,,,,,,,,,,,,,,,,,,,,,,,,,,,,,
Danzhoushi_460400,,,,,,,,,,,,,,,,,,,,,,,,,,,,,,,,,,,,,,,,,,,,,,,,,,,,,,,,,,,,,,,,0.03,,,,,,,,,,,,,,,,,,,,,,,,,,,,,,,,,,,,,,,,,,,,,,,,,,,,,,,,,,,,,,,,,,,,,,,,,,,,,,,,,,,,,,,,,,,,,,,,,,,,,,,,,,,,,0.01,,,,,,,,,,,,,,,,,,,,,,,,,,,,,,,,,0.34,0.11,,,,0.03,,,,,,,,0.01,,,,,0.11,,0.01,0.01,0.03,,,,,,8.08,3.55,,,4.19,3.02,2.14,3.88,8.48,2.13,4.94,6.12,20.81,30.09,14.68,2.17,2.3,2.11,11.06,,,,,,,,,,,,,,,,,,,,,,,,,,,,,,,,,,,,,,,,,,,,,,,,,,,,,,,,,,,,,,,,,,,,,,,,,,,,,,,,,,,,,,,,,,,,,,,,,,,,,,,,,,,,,,
Wuzhishanshi_469001,,,,,,,,,,,,,,,,,,,,,,,,,,,,,,,,,,,,,,,,,,,,,,,,,,,,,,,,,,,,,,,,,,,,,,,,,,,,,,,,,,,,,,,,,,,,,,,,,,,,,,,,,,,,,,,,,,,,,,,,,,,,,,,,,,,,,,,,,,,,,,,,,,,,,,,,,,,,,,,,,,,,,,,,,,,,,,,,,,,,,,,,,,,,,,,,,,,,,,,,,,,,,,0.08,0.02,,,,,,,,,,,,,,,,,,,,,,,,,,,1.32,2.08,1.31,1.24,,1.21,0.55,1.34,2.15,0.61,1.26,0.58,0.36,1.86,0.58,3.04,1.78,11.6,5.29,,,,,,,,,,,,,,,,,,,,,,,,,,,,,,,,,,,,,,,,,,,,,,,,,,,,,,,,,,,,,,,,,,,,,,,,,,,,,,,,,,,,,,,,,,,,,,,,,,,,,,,,,,,,,,
Qionghaishi_469002,,,,,,,,,,,,,,,,,,,,,,,,,,,,,,,,,,,,,,,,,,,,,,,,,,,,,,,,,,,,,,,,,,,,,,,,,,,,,,,,,,,,,,,,,,,,,,,,,,,,,,,,,,,,,,,,,,,,,,,,,,,,,,,,,,,,,,,,,,,,,,,,,,,,,,,,,,,,,,,,,,,,,,,,,,,,,,,,,,,,,,,,,,,,,,,,,,,,,,,,,,,,,,0.34,0.07,,,,,,,,,,,,,,,,,,,0.02,,,,,,,,6.75,3.55,34.21,2.14,2.02,,8.63,12.32,0.94,9.86,5.21,1.84,0.97,1.57,1.02,0.97,4.76,2.88,3.71,,,,,,,,,,,,,,,,,,,,,,,,,,,,,,,,,,,,,,,,,,,0.06,,,,,,,,,,,,,,,,,,,,,,,,,,,,,,,,,,,,,,,,,,,,,,,,,,,,,,,,,,,,,,,,,,,
Wenchangshi_469005,,,,,,,,,,,,,,,,,,,,,,,,,,,,,,,,,,,,,,,,,,,,,,,,,,,,,,,,,,,,,,,,,,,,,,,,,,,,,,,,,,,,,,,,,,,,,,,,,,,,,,,,,,,,,,,,,,,,,,,,,,,,,,,,,,,,,,,,,,,,,,,,,,,,,,,,,,,,,,,,,,,,,,,,,,,,,,,,,,,,,,,,,,,,,,,,,,,0.05,,,,,,,,,,0.03,0.51,0.05,,,,,,0.03,,,,,,,,,,0.03,,,0.01,0.01,,,,,,,15.12,2.27,2.63,2.43,2.07,11.62,,2.69,1.79,4.61,2.98,2.63,1.84,2.34,1.92,1.28,2.85,2.07,3.43,,,,,,,,,,,,,,,,,,,,,,,,,,,,,,,,,,,,,,,,,,,,,,,,,,,,,,,,,,,,,,,,,,,,,,,,,,,,,,,,,,,,,,,,,,,,,,,,,,,,,,,,,,,,,,
Wanningshi_469006,,,,,,,,,,,,,,,,,,,,,,,,,,,,,,,,,,,,,,,,,,,,,,,,,,,,,,,,,,,,,,,,,,,0.04,,,,,,,,,,,,,,,,,,,,,,,,,,,,,,,,,,,,,,,,,,,,,,,,,,,,,,,,,,,,,,,,,,,,,,,,,,,,,,,,,,,,,,,,,,,,,,,,,,,,,,,,,,,,,,,,,,,,,,,,,,,,,,0.02,,,,,,,,,,,,,0.27,0.09,,,,,,0.02,,,,,,,,,,0.02,,,,,0.01,,,,,,8.51,7.05,2.63,3.96,6.17,12.75,2.52,,1.38,2.25,3.49,1.73,0.9,2.05,1.23,1.85,9.23,6.14,7.43,,,,,,,,,,,,,,,,,,,,,,,,,,,,,,,,,,,,,,,,,,,,,,,,,,,,,,,,,,,,,,,,,,,,,,,,,,,,,,,,,,,,,,,,,,,,,,,,,,,,,,,,,,,,,,
Dongfangshi_469007,,,,,,,,,,,,,,,,,,,,,,,,,,,,,,,,,,,,,,,,,,,,,,,,,,,,,,,,,,,0.02,,,,,,,,0.02,,,,,,,,,,,,,,,,,,,,,,,,,,,,,,,,,,,,,,,,,,,,,,,,,,,,,,,,,,,,,,,,,,,,,,,,,,,,,,,,,,,,,,,,,,,,,,,,,,,,,,,,,,,,,,,,,,,,,,,,,,,,,,,,,,,,,,,,,,,0.21,0.05,,,,,,,,,,,,,,,,,,,0.01,,0.02,,,,,,2.64,4.27,,3.61,2.02,0.67,0.51,0.77,,0.56,0.81,1.26,1.16,3.73,19.52,12.98,1.16,1.61,1.93,,,,,,,,,,,,,,,,,,,,,,,,,,,,,,,,,,,,,,,,,,,,,,,,,,,,,,,,,,,,,,,,,,,,,,,,,,,,,,,,,,,,,,,,,,,,,,,,,,,,,,,,,,,,,,
Dinganxian_469021,,,,,,,,,,,,,,,,,,,,,,,,,,,,,,,,,,,,,,,,,,,,,,,,,,,,,,,,,,,,,,,,,,,,,,,,,,,,,,,,,,,,,,,,,,,,,,,,,,,,,,,,,,,,,,,,,,,,,,,,,,,,,,,,,,,,,,,,,,,,,,,,,,,,,,,,,,,,,,,,,,,,,,,,,,,,,,,,,,,,,,,,,,,,,,,,,,,,,,,,,,,,,,0.15,0.04,,,,,,,,,,,,,,,,,,,,,,,,,,,7.06,1.07,,1.11,0.83,7.98,2.47,1.92,0.45,,9.58,3.51,1.04,0.76,0.68,0.44,0.93,0.53,2.52,,,,,,,,,,,,,,,,,,,,,,,,,,,,,,,,,,,,,,,,,,,,,,,,,,,,,,,,,,,,,,,,,,,,,,,,,,,,,,,,,,,,,,,,,,,,,,,,,,,,,,,,,,,,,,
Tunchangxian_469022,,,,,,,,,,,,,,,,,,,,,,,,,,,,,,,,,,,,,,,,,,,,,,,,,,,,,,,,,,,,,,,,,,,,,,,,,,,,,,,,,,,,,,,,,,,,,,,,,,,,,,,,,,,,,,,,,,,,,,,,,,,,,,,,,,,,,,,,,,,,,,,,,,,,,,,,,,,,,,,,,,,,,,,,,,,,,,,,,,,,,,,,,,,,,,,,,,,,,,,,,,,,,,0.06,,,,,,,,,,,,,,,,,,,,,,,,,,,,3.78,0.87,,1.02,1.03,2.43,0.99,1.54,0.49,7.13,,2.6,0.56,1.05,0.46,0.62,0.41,0.61,11.73,,,,,,,,,,,,,,,,,,,,,,,,,,,,,,,,,,,,,,,,,,,,,,,,,,,,,,,,,,,,,,,,,,,,,,,,,,,,,,,,,,,,,,,,,,,,,,,,,,,,,,,,,,,,,,
Chengmaixian_469023,,,,,,,,,,,,,,,,,,,,,,,,,,,,,,,,,,,,,,,,,,,,,,,,,,,,,,,,,,,,,,,,,,,,,,,,,,,,,,,,,,,,,,,,,,,,,,,,,,,,,,,,,,,,,,,,,,,,,,,,,,,,,,,,,,,,,,,,,,,,,,,,,,,,,,,,,,,,,,,,,,,,,,,,,,,,,,,,,,,,,,,,,,,,,,,,,,,0.04,,,,,,,,,,,0.24,0.04,,,,,,,,,,,,,,,,,0.05,0.04,,,0.02,,,,,,12.15,1.12,3.94,5.52,1.77,1.77,1.85,1.64,1.47,6.36,7.98,,12.64,2.24,2.94,0.87,0.86,0.96,2.92,,,,,,,,,,,,,,,,,,,,,,,,,,,,,,,,,,,,,,,,,,,,,,,,,,,,,,,,,,,,,,,,,,,,,,,,,,,,,,,,,,,,,,,,,,,,,,,,,,,,,,,,,,,,,,
Lingaoxian_469024,,,,,,,,,,,,,,,,,,,,,,,,,,,,,,,,,,,,,,,,,,,,,,,,,,,,,,,,,,,,,,,,,,,,,,,,,,,,,,,,,,,,,,,,,,,,,,,,,,,,,,,,,,,,,,,,,,,,,,,,,,,,,,,,,,,,,,,,,,,,,,,,,,,,,,,,,,,,,,,,,,,,,,,,,,,,,,,,,,,,,,,,,,,,,,,,,,,,,,,,,,,,,,0.09,,,,,,,0.03,,,,,,,,,,,,,,,,,,,,,6.5,1.74,,10.82,1.23,0.75,1.36,0.75,1.34,0.69,1.02,6.61,,1.86,2.51,0.55,1.74,0.57,1.14,,,,,,,,,,,,,,,,,,,,,,,,,,,,,,,,,,,,,,,,,,,,,,,,,,,,,,,,,,,,,,,,,,,,,,,,,,,,,,,,,,,,,,,,,,,,,,,,,,,,,,,,,,,,,,
Baishalizuzizhixian_469025,,,,,,,,,,,,,,,,,,,,,,,,,,,,,,,,,,,,,,,,,,,,,,,,,,,,,,,,,,,,,,,,,,,,,,,,,,,,,,,,,,,,,,,,,,,,,,,,,,,,,,,,,,,,,,,,,,,,,,,,,,,,,,,,,,,,,,,,,,,,,,,,,,,,,,,,,,,,,,,,,,,,,,,,,,,,,,,,,,,,,,,,,,,,,,,,,,,,,,,,,,,,,,,0.01,,,,,,,,,,,,,,,,,,,,,,,,,,,1.04,0.47,,6.13,1.53,0.34,0.28,0.75,1.04,0.26,0.42,0.39,0.75,,7.46,0.69,0.52,0.3,1.85,,,,,,,,,,,,,,,,,,,,,,,,,,,,,,,,,,,,,,,,,,,,,,,,,,,,,,,,,,,,,,,,,,,,,,,,,,,,,,,,,,,,,,,,,,,,,,,,,,,,,,,,,,,,,,
Changjianglizuzizhixian_469026,,,,,,,,,,,,,,,,,,,,,,,,,,,,,,,,,,,,,,,,,,,,,,,,,,,,,,,,,,,,,,,,,,,,,,,,,,,,,,,,,,,,,,,,,,,,,,,,,,,,,,,,,,,,,,,,,,,,,,,,,,,,,,,,,,,,,,,,,,,,,,,,,,,,,,,,,,,,,,,,,,,,,,,,,,,,,,,,,,,,,,,,,,,,,,,,,,,,,,,,,,,,,,0.06,0.03,,,,,,,,,,,,,,,,,,,,,0.03,,,,,,2.38,1.57,,5.47,1.03,0.67,0.49,0.56,13.75,0.42,0.57,0.8,1.18,14.01,,1.53,0.69,0.84,1.34,,,,,,,,,,,,,,,,,,,,,,,,,,,,,,,,,,,,,,,,,,,,,,,,,,,,,,,,,,,,,,,,,,,,,,,,,,,,,,,,,,,,,,,,,,,,,,,,,,,,,,,,,,,,,,
Ledonglizuzizhixian_469027,,,,,,,,,,,,,,,,,,,,,,,,,,,,,,,,,,,,,,,,,,,,,,,,,,,,,,,0.02,,,,,,,,,,,,,,,,,,,,,,,,,,,,,,,,,,,,,,,,,,,,,,,,,,,,,,,,,,,,,,,,,,,,,,,,,,,,,,,,,,,,,,,,,,,,,,,,,,,,,,,,,,,,,,,,,,,,,,,,,,,,,,,,,,,,,,,,,,,,,,,,,,,,,,,0.18,0.05,,,,,,,,,,,,,,,,,,,,0.01,0.01,,,,,,2.87,14.85,2.63,1.58,10.32,1.02,0.69,1.32,13.21,0.65,1.47,0.81,0.75,2.53,4.33,,2.23,2.53,2.8,,,,,,,,,,,,,,,,,,,,,,,,,,,,,,,,,,,,,,,,,,,,,,,,,,,,,,,,,,,,,,,,,,,,,,,,,,,,,,,,,,,,,,,,,,,,,,,,,,,,,,,,,,,,,,
Lingshuilizuzizhixian_469028,,,,,,,,,,,,,,,,,,,,,,,,,,,,,,,,,,0.03,,,,,,,,,,,,,,,,,,,,,,,,,,,,,,,,,,,,,,,,,,,,,,,,,,,,,,,,,,,,,,,,,,,,,,,,,,,,,,,,,,,,,,,,,,,,,,,,,,,,,,,,,,,,,,,,,,,,,,,,,,,,,,,,,,,,,,,,,,,,,,,,,,,,,,,,,,,,,,,,,,,,,,,,,,,,0.23,0.1,,,,0.03,,,,,,,,,,,,0.02,,,,,,,,,,,2.77,10.78,,1.91,6.17,3.74,1.6,8.62,1.73,1.24,1.44,0.8,1.04,0.9,1.2,1.63,,14.63,3.59,,,,,,,,,,,,,,,,,,,,,,,,,,,,,,,,,,,,,,,,,,,,,,,,,,,,,,,,,,,,,,,,,,,,,,,,,,,,,,,,,,,,,,,,,,,,,,,,,,,,,,,,,,,,,,
Baotinglizumiaozuzizhixian_469029,,,,,,,,,,,,,,,,,,,,,,,,,,,,,,,,,,,,,,,,,,,,,,,,,,,,,,,,,,,,,,,,,,,,,,,,,,,,,,,,,,,,,,,,,,,,,,,,,,,,,,,,,,,,,,,,,,,,,,,,,,,,,,,,,,,,,,,,,,,,,,,,,,,,,,,,,,,,,,,,,,,,,,,,,,,,,,,,,,,,,,,,,,,,,,,,,,,,,,,,,,,,,,0.04,0.03,,,,,,,,,,,,,,,,,,,0.03,,,,,,,,1.32,5.29,,0.89,13.87,0.96,0.53,1.88,0.86,0.34,0.51,0.6,0.29,0.66,1.05,1.44,5.46,,1.34,,,,,,,,,,,,,,,,,,,,,,,,,,,,,,,,,,,,,,,,,,,,,,,,,,,,,,,,,,,,,,,,,,,,,,,,,,,,,,,,,,,,,,,,,,,,,,,,,,,,,,,,,,,,,,
Qiongzhonglizumiaozuzizhixian_469030,,,,,,,,,,,,,,,,,,,,,,,,,,,,,,,,,,,,,,,,,,,,,,,,,,,,,,,,,,,,,,,,,,,,,,,,,,,,,,,,,,,,,,,,,,,,,,,,,,,,,,,,,,,,,,,,,,,,,,,,,,,,,,,,,,,,,,,,,,,,,,,,,,,,,,,,,,,,,,,,,,,,,,,,,,,,,,,,,,,,,,,,,,,,,,,,,,,,,,,,,,,,,,0.14,,,,,,,,,,,,,,,,,,,,0.01,,,,,,,,2.21,1.12,,3.14,5.62,1.82,0.86,2.37,0.59,1.05,9.73,1.21,0.63,2.05,0.86,0.85,0.99,1.57,,,,,,,,,,,,,,,,,,,,,,,,,,,,,,,,,,,,,,,,,,,,,,,,,,,,,,,,,,,,,,,,,,,,,,,,,,,,,,,,,,,,,,,,,,,,,,,,,,,,,,,,,,,,,,,
Chongqingshi_500000,0.29,0.2,0.16,0.15,0.06,0.15,0.1,0.13,0.08,0.06,0.13,0.07,0.08,0.15,0.11,0.15,0.29,0.19,0.06,0.1,0.35,0.11,0.29,0.09,0.05,0.05,0.08,0.13,0.04,0.09,0.16,0.06,0.02,,0.04,0.14,0.09,0.08,0.05,0.1,0.05,0.05,,0.03,0.06,0.04,0.06,0.02,0.04,0.07,0.04,0.06,0.01,0.07,0.07,,,0.02,0.04,0.3,0.08,0.37,0.21,,,0.06,0.14,,0.07,0.04,,0.24,0.4,0.2,0.21,0.2,0.15,0.17,0.19,0.15,0.09,0.08,0.12,0.15,0.11,0.05,0.33,0.34,0.95,0.34,0.18,0.32,0.4,0.2,0.15,0.6,0.24,0.16,0.14,0.07,0.11,0.11,0.04,0.08,0.15,0.15,0.14,0.08,0.06,0.15,0.08,0.12,0.09,0.5,0.22,0.37,0.18,1.06,0.18,0.21,0.16,0.27,0.33,0.12,0.37,0.37,0.31,0.34,0.26,0.21,0.3,0.25,0.17,0.11,0.15,0.08,0.07,0.1,0.1,0.13,0.1,0.11,0.16,0.03,0.11,0.07,0.13,0.09,0.11,0.19,0.12,0.36,0.21,0.07,0.09,0.11,0.16,0.12,0.15,0.11,0.47,0.52,0.12,0.19,0.15,0.17,0.06,0.23,0.14,1.31,3.47,0.47,0.1,0.58,0.15,0.8,0.2,0.2,0.24,22.55,0.18,0.43,0.25,1.31,0.37,0.18,0.19,0.34,0.57,0.35,0.79,1.86,0.3,0.23,0.29,1.46,0.46,9.6,0.33,0.23,0.44,0.42,0.19,0.27,0.26,0.43,0.13,0.22,0.3,0.14,0.37,0.16,0.31,0.2,0.39,0.24,0.25,0.19,0.09,0.34,0.39,0.64,0.08,0.48,0.24,0.16,0.2,0.17,0.34,0.18,0.39,0.11,0.1,0.24,1.32,,0.25,0.04,0.34,0.57,0.24,0.17,0.02,0.06,0.21,0.15,,0.03,0.19,0.37,0.11,0.07,,4.9,6.17,1.48,16.53,2.33,3.37,3.91,12.31,11.51,3.34,11.91,1.7,7.21,46.43,29.5,1.65,7.09,10.3,1.0,1.71,2.03,2.29,1.21,15.0,1.35,1.62,9.61,1.51,1.59,1.34,1.23,0.75,0.4,0.31,2.63,0.72,0.55,0.45,0.44,0.76,0.51,1.07,0.5,1.0,0.07,0.29,1.92,0.7,2.58,1.56,0.98,0.23,1.58,0.48,0.19,0.51,0.3,0.35,0.27,1.97,0.45,3.3,0.4,0.3,0.24,0.09,0.24,0.42,0.15,0.18,0.24,0.23,0.4,0.21,0.76,0.06,0.28,0.22,0.06,0.04,,0.03,,0.22,0.17,0.15,0.02,0.05,0.24,0.22,0.22,0.05,0.02,0.24,0.06,0.13,0.29,0.78,0.02,0.63,0.38,0.04,0.06,0.06,0.07,0.17,,0.05,
Chengdushi_510100,0.31,0.19,0.22,0.07,0.08,0.23,0.08,0.16,0.08,0.03,0.13,0.09,0.08,0.15,0.08,0.08,0.12,0.19,0.06,0.11,0.43,0.06,0.17,0.11,0.15,0.09,0.04,0.12,0.03,0.07,0.2,0.18,0.12,0.34,0.09,0.25,0.1,0.2,0.06,0.09,0.08,0.09,0.03,0.05,0.04,0.01,,0.04,0.04,0.11,0.07,0.1,0.05,0.02,0.03,0.05,0.04,,0.11,0.38,,,0.14,0.1,0.14,0.06,0.06,,0.14,0.39,0.14,,0.32,0.18,0.09,0.18,0.1,0.1,0.11,0.15,0.08,0.07,0.1,0.1,0.07,0.04,0.18,0.16,0.28,0.13,0.07,0.09,0.19,0.07,0.06,0.19,0.09,0.15,0.1,0.08,,0.05,0.07,,0.08,0.08,0.1,,0.06,0.06,0.09,0.05,0.08,0.22,0.12,0.13,,0.24,0.09,0.05,0.07,0.11,0.19,0.18,0.06,0.2,0.15,0.11,0.25,0.11,0.08,0.13,0.1,0.12,0.14,0.05,0.06,0.04,0.09,0.2,0.13,0.07,0.23,0.06,0.12,0.07,0.15,0.03,0.11,0.14,0.12,0.24,0.1,0.11,0.05,0.13,0.15,0.13,0.14,0.15,0.25,0.29,0.09,0.18,0.11,0.14,0.18,0.11,0.09,0.34,0.25,0.28,,0.24,0.09,0.3,0.08,0.15,0.18,0.68,0.11,0.2,0.14,0.06,0.18,0.09,0.1,0.13,0.2,0.17,0.23,0.3,0.07,0.07,0.11,0.23,0.13,0.37,0.19,0.04,0.28,0.11,0.11,0.11,0.08,0.23,0.06,0.06,0.07,0.02,0.04,0.05,0.08,0.05,0.11,0.08,0.06,0.09,0.03,0.25,0.21,0.29,0.09,0.25,0.2,0.1,0.1,0.09,0.1,0.08,0.14,0.06,0.1,0.18,1.62,1.31,0.14,0.09,0.09,0.15,0.16,0.21,0.02,,0.1,0.06,0.23,0.06,0.24,0.48,0.15,0.03,10.24,,23.31,15.85,12.74,54.9,32.82,22.89,38.25,32.92,33.2,31.09,55.2,20.27,12.84,22.34,50.68,29.32,53.16,63.91,33.22,22.65,0.79,0.57,1.6,0.39,0.77,0.42,0.6,0.44,0.32,0.86,0.31,0.28,0.42,2.92,1.17,0.86,0.4,0.43,0.31,0.27,1.29,0.81,0.48,0.1,0.34,4.91,1.81,7.07,5.14,2.17,0.83,1.85,0.61,0.28,0.72,0.34,0.31,0.32,3.43,0.18,1.39,0.22,0.83,0.27,0.51,0.39,0.87,0.47,0.38,0.34,0.46,0.6,0.46,2.9,0.33,1.62,1.05,0.29,0.3,0.16,0.23,1.23,0.53,0.73,0.18,0.08,0.08,0.04,0.22,0.44,0.15,0.04,0.21,0.06,0.04,0.67,0.43,0.07,0.47,1.17,0.33,0.01,0.06,0.15,0.11,,0.01,
Zigongshi_510300,,,,,,,,,,,,,,,,,,,,,,,,,,,,,,,,,,,,,,,,,,,,,,,,,,,,,,,,,,,,,,,,,,,,,,,,,,,,,,,,,,,,,,,,,,,,,,,,,,,,,,,,,,,,,,,,,,,,,,,,,,,,,,,,,,,,,,,,,,,,,,,,,,,,,,,,,,,,,,,,,,,,,,,,,,,,,,,,,,,,,,,,,,,,,,,,,,,,,,,,,,,,,,,,,,,,,,,,,,,0.01,,,,,,,,,,,,0.06,,,,,,,,,0.04,,,,,,,,,,,0.07,,1.4,2.83,,0.47,5.97,0.73,0.67,0.58,0.83,13.18,5.28,0.72,1.22,10.98,0.36,0.17,0.86,0.44,0.95,0.41,0.53,0.53,0.09,0.11,0.26,0.1,0.12,0.08,,0.04,0.05,0.13,0.12,0.06,0.02,0.9,0.19,0.09,0.07,0.07,0.09,0.12,0.19,0.06,,,0.04,0.13,,0.07,0.08,0.05,,,,,,,,,,,,,,,,,,,,0.04,0.03,,,,,,,,,,,,,,,,,,,,,,,,,,0.03,,,,,,,,,,,
Panzhihuashi_510400,,,,,,,,,,,,,,,,,,,,,,,,,,,,,,,,,,,,,,,,,,,,,,,,,,,,,,,,,,,,,,,,,,,,,,,,,,,,,,,,,,,,,,,,,,,,,,,,,,,,,,,,,,,,,,,,,,,,,,,,,,,,,,,,,,,,,,,,,,,,,,,,,,,,,,,,,,,,,,,,,,,,,,,,,,,,,,,,,,,,,,,,,,,,,,,,,,,,,,,,,,,,,,,,,,,,,,,,,,,,,,,,,,,,,,,,,,,,,,,,,,,,,,,,,,,,,0.13,0.45,0.15,,0.13,0.17,0.12,0.03,0.14,0.24,0.36,0.24,0.26,0.15,0.12,0.34,0.45,0.04,0.18,0.09,0.05,16.91,,,,,,,,,,0.36,0.1,0.09,0.17,0.15,6.24,0.03,0.09,3.12,0.06,,0.07,0.43,0.14,0.13,0.07,,,,,,,,,,,,,,,,,,,,,,,,,,,,,,,,,,,,,,,,,0.01,,,0.02,,,,,,,,,,,,,,,,,,,
Luzhoushi_510500,,,,,,,,,,,,,,,,,,,,,,,,,,,,,,,,,,,,,,,,,,,,,,,,,,,,,,,,,,,0.07,,,,,,,,,,,,,,,,,,,,,,,,,,,,,,,,,,,,,,,,,,,,,,,,,,,,,,,,0.05,,,,0.03,,0.04,,,,,,,0.05,,,,,,,,,,,,,,,,,,,,,,,,,,,,,,,,,,,,,,,,,,,,,,,,,,,,0.06,,,,,,,,,,,,,,,,,,,,,,,0.08,0.06,0.03,,,0.03,,,,,0.03,,,0.17,,,0.01,0.03,0.03,,,,,0.01,,,0.04,,0.04,0.01,0.06,,0.11,,0.03,,,,,,,,,0.02,,,,,,,4.74,1.8,7.87,0.71,,0.51,0.58,0.21,0.75,4.3,1.27,0.47,0.68,14.19,0.52,0.48,0.52,0.39,0.9,0.3,0.39,0.57,0.45,0.54,9.65,0.43,1.66,0.1,0.15,0.17,0.28,0.25,0.23,0.11,0.05,2.3,0.15,0.19,0.2,0.05,0.18,0.16,0.09,0.06,0.05,0.02,0.02,0.09,0.09,0.07,,0.1,0.09,0.26,,0.04,,,,,0.07,0.04,,,,,,0.04,,0.04,,,,,,0.05,,,,,,,,,,,0.02,,,0.04,,,0.02,0.02,,,,0.06,0.03,,,,,0.01,,,,0.05,,
Deyangshi_510600,,,,,,,,,,,,,,,,,,,,,,,,,,,,,,,,,,,,,,,,,,,,,,,,,,,,,,,,,,,,,0.05,,,,,,,,,,0.03,,,,,,,,,,,,0.03,,,,,,,,,,,,,,,,,,,,,,,,,,,,,,,,,,,,,,,,,,,,,,,,,,,,,,,,,,,,,,,,,,,,,,,,0.03,,,,,,,,,,,,,,,,,,,0.04,,,,,,0.08,,,,,,,,,,,,0.04,,,,,,,,,,,,,,,,,,,,,,,,,0.03,,,,,,,,0.07,,,,,,,,,,,,,0.04,,,,0.03,,,,,,,,0.05,,,0.87,9.55,1.28,0.7,0.67,,16.13,2.88,3.98,1.45,1.68,1.81,1.61,0.89,0.57,0.69,2.14,1.19,2.28,2.5,1.23,1.08,0.06,,0.07,0.04,0.03,,,,0.05,0.06,0.03,0.05,,0.16,0.08,0.1,0.04,0.03,,,,0.05,0.04,0.02,,0.24,0.06,0.57,0.52,0.1,,0.26,0.04,0.02,0.1,0.03,0.04,,0.45,,0.18,,0.05,,,,0.09,0.03,0.12,,,,0.04,0.36,,0.01,0.04,0.01,0.11,,,0.17,,0.04,,,,,,,,,,,0.02,0.06,0.06,0.02,,,0.01,0.0,,,,,0.01,
Mianyangshi_510700,,,,,,,,,,,,,,,,,,,0.03,0.05,,0.02,0.05,,,,,,,,,0.03,,,,0.02,,,,,,,,,,,,,,,,,,,,,,,,,,,,,,,,,,,,,,,,0.06,,,,0.11,,,,,,,,,,,,,,,,,,,,,,,,,,,,,,,,,0.03,,,,,,,,,,,,,,,,,,,,,,,,,,,,,,,,,,,,,,,,,,,,0.06,,,,0.11,,,,,,0.04,,,0.07,,,,,,,,,,,,,,,,,,,,,,,,,,,,,,,,,,,,,,,,,,,,,,,0.03,,,,0.03,,,0.07,,,0.01,,,,,,,,0.07,,,,,,,,0.02,,,,0.04,,,,0.03,,1.43,6.66,1.05,0.55,0.74,15.23,,20.05,12.64,1.06,1.56,5.94,1.46,1.03,1.33,1.17,1.84,2.5,1.51,6.43,1.16,1.65,0.1,0.05,0.08,0.05,0.04,,0.08,,0.05,0.07,0.08,0.02,0.05,0.15,0.03,,,0.04,0.03,,,,,0.07,,0.53,0.12,0.42,0.65,0.23,0.09,0.26,0.09,0.04,0.24,0.07,0.07,0.03,1.36,0.06,0.11,0.04,0.05,0.02,0.03,,0.12,0.08,,0.07,0.1,0.09,0.08,2.02,,0.12,0.07,0.06,,0.02,0.06,0.35,,0.09,,0.03,0.03,0.05,0.04,0.06,0.06,,,0.01,0.04,0.05,0.19,,0.04,0.1,0.05,0.0,0.04,0.01,,,,
Guangyuanshi_510800,,,,,,,,,,,,,,0.04,,,,0.04,,0.04,0.09,,,,,,,,,,,0.02,,,,0.02,,,,,,,,,,,,,,,,,,,,,,,,,,,,,,,0.04,,,,,,,,,,,,,,,,,,,,,,,,,,,,,,,,,,,,,,,,,,,,,,,,,,,,,,,,,,,,,,,,,,,,,,,,,,,,,,,,,,,,,,,,,,,,,,0.05,,,,,,,,,,,,,,,,,,,,,,,,,,,,,,,,,,,,,,,,,,,,,,,,,,,,,,,,,,,,,,0.02,,,,,,,,,,,,,,,,,,,,,,,,,,,,,,0.83,2.68,0.42,0.22,0.31,1.74,9.78,,1.29,0.31,0.47,6.53,0.41,0.37,0.65,0.94,0.4,8.38,0.45,0.76,0.22,0.33,0.04,,0.06,0.02,0.02,,,,0.03,,,0.01,0.02,0.04,0.04,,0.03,0.02,0.03,,,,,0.05,,0.12,0.12,,0.21,0.02,,,0.16,0.12,0.59,0.14,0.1,0.05,5.92,,0.36,0.07,0.26,0.13,0.07,0.06,0.49,0.11,,0.11,0.08,0.07,0.25,7.37,0.1,1.32,0.07,0.06,0.02,,0.03,,,0.08,0.02,,0.01,0.05,0.03,0.02,0.03,0.02,,,,,,,0.02,,,,,,,0.05,,
Suiningshi_510900,,,,,,,,,,,,,,,,,,,,,,,,,,,,,,,,,,,,,,,,,,,,,,,,,,,,,,,,,,,,,,,,,,,,,,,,,,,,,,,,,,,,,,,,,,,,,,,,,,,,,,,,,,,,,,,,,,,,,,,,,,,,,,,,,,,,,,,,,,,,,,,,,,,,,,,,,,,,,,,,,,,,,,,,,,,,,,,,,,,,,,,,,,,,,,,,,,,,,,,,,,,,0.03,,,,,,,,,,,,0.03,,,,,,,,,,,,,,,,,,,0.06,,0.03,,,,,,,,,,,,,,,,2.66,4.65,0.61,0.56,0.67,2.6,7.98,1.45,,1.0,0.78,4.37,0.81,0.72,1.9,0.8,0.69,0.95,4.16,0.81,0.65,0.52,0.06,0.04,0.12,0.04,0.03,0.07,,,,0.07,0.03,0.02,,0.13,0.09,0.03,0.14,0.02,0.03,,0.09,0.03,,,0.02,0.29,0.03,0.42,0.34,0.1,,0.52,,0.03,0.07,0.04,,,0.21,,,0.04,,,,,0.06,,,,,,,0.16,,0.05,0.02,,,,,0.26,,,,0.01,,,,0.03,0.02,,,,,0.07,,,0.02,0.02,0.0,0.0,,,0.02,,,
Neijiangshi_511000,,,,,,,,,,,,,,,,,,,,,,,,,,,,,,,,0.03,,,,,,,,,,,,,,,0.03,,,,,,,,,,,,,,,,,,,,,,,,,,,,,,,,,,,,,,,,,,,,,,,,,0.1,,,,,,,,,,,,,,,,,,,,,,,,,,,,,,,,,,,,,,,,,,,,,,,,,,,,,,,,,,,,,,,,,,,,,,,,,,,,,,,,,,,,0.1,,,,,,,,,,,,,,,,,,,,,,,,,,,,,,,,,0.08,,,,,,,,,,,0.07,,,,0.02,,0.03,0.02,,0.02,,,,,,,,,,,0.03,,,,,,,,,3.17,5.09,18.39,0.8,4.72,1.22,1.0,0.4,1.38,,1.81,0.84,3.89,3.71,0.49,0.36,0.78,0.65,11.08,0.55,0.82,0.7,0.16,0.12,0.27,0.08,0.09,0.03,0.13,,0.09,0.19,0.06,0.05,0.06,0.51,0.1,0.02,0.12,0.03,0.03,0.13,0.09,0.12,0.07,,0.09,0.18,0.03,0.19,0.08,0.05,0.04,0.26,,0.02,,,,,0.09,,,,,0.01,,,,,,,0.03,,,,,,,,,,,,,0.04,,,,,,,,0.04,,,,0.04,,0.02,,0.05,,,0.04,0.03,,,,
Leshanshi_511100,,,,,,,,,,,,,,,,,,,,0.04,,,0.05,,,,,,,,,,,,,,,,,,0.02,,,,,,,,,,,,,,,,,,,,,,,,,,,,,,,,,,,,,,,,,,,,,,,,,,,,,,,,,,,,,,,,,,,,,,,,,,,,,,,,,,,,,,,,,,,,,,,,,,,,,,,,,,,,,,,,,,,,,,,,,,,,,,,,,,,,,,,,,,,0.06,,0.02,,,,,,,,,,,,,,,,,,,,,,,,,,,,,,,,,,,,,,,,,,,,,,0.02,,,,,,,,,,0.04,,,,,,,,0.02,,,0.03,,,,1.42,6.42,8.14,1.38,2.12,2.09,1.93,0.92,1.25,2.63,,1.16,16.48,5.91,0.8,0.59,7.14,0.79,1.41,0.96,2.14,4.21,0.11,0.07,0.23,0.07,0.15,0.05,0.04,,0.03,0.1,0.07,0.07,,0.68,0.15,0.11,0.06,0.05,0.05,0.04,0.06,0.08,0.08,0.02,,0.2,0.06,0.23,0.17,0.12,0.04,,0.03,,0.11,0.04,,0.03,0.19,0.08,,,0.04,0.01,,0.05,,,,,0.06,,0.07,0.2,,0.02,0.02,,,,,,,,,,,,,,,,0.04,0.02,,,0.04,,,0.1,,0.0,,,0.02,,,
Nanchongshi_511300,,,,,,,,,,,,,,,,0.02,,,,,,,,,,,,,,,,,,,,,,,,,,,,,,,,,,,,,,,,,0.02,,,,,,,,,,,,0.07,,,,,,0.04,,,,,,,,,,,,,,,,,,,,,,,,,,,,,,,0.04,,,,,,,,,,,0.03,,,,,,,,,,,,,,,,,,,,,,,,,,,,,,,,,,,,,,,,,,,,0.1,,,,,,,,,,0.06,,,,,,,,,0.14,,,,0.06,,,,,,,,0.06,,,,0.05,,0.04,0.06,0.05,0.06,0.04,,0.06,0.04,,,0.08,0.05,,0.03,,,,0.08,0.03,0.03,,0.05,,,,0.04,,,,,,0.01,0.03,0.02,0.01,0.04,,,,,,,0.04,,,0.02,,,,,,,,,,3.97,6.69,1.03,1.26,1.16,2.29,6.01,15.3,7.29,1.38,1.31,,0.98,1.21,14.07,5.73,0.9,12.97,1.42,0.87,0.83,0.84,0.17,0.09,0.23,0.09,0.07,0.04,0.11,0.11,0.06,0.17,0.08,0.05,0.09,0.21,0.07,,0.1,0.07,0.06,,0.13,0.08,0.07,0.02,0.02,0.38,0.21,0.3,0.34,0.15,0.23,0.52,0.16,0.07,0.36,0.12,0.08,,1.41,,0.4,0.03,0.15,0.07,,0.04,0.2,0.09,0.04,,,0.08,0.12,0.58,0.04,0.31,0.19,0.04,0.02,0.08,0.01,,0.07,0.03,0.04,,0.02,,,0.09,0.07,,,0.01,,0.08,0.14,,0.14,0.02,0.04,0.0,0.04,0.01,,,,
Meishanshi_511400,,,,,,,,,,,,,,,,,,,,,,,,0.03,,,,,,,,,0.01,,,,,,,,,,,,,,,,,,,,,,,0.02,,,,,,,,,,,,,,0.04,,,,,,,,,,,,,,,,,,,,,,,,,,,,,,,,,,,,,,,,,,,,,,,,,,,,,,,,,,,,,,,,,,,,,,,,,,,,,,,,,,,,,,,,,,,0.05,,,,,,,,,,,,,,,,,,,,,,,,,,,,,,,,,,,,,,,,,,,,,,,,,,0.09,,0.02,,,,,,,,,,0.03,,,,,,0.04,0.02,,,,,,,,,,,,,,0.06,,,,,,,,,0.92,10.8,3.26,1.17,1.26,2.32,1.55,0.62,1.47,5.41,23.44,1.07,,2.42,0.56,0.65,8.66,0.57,2.92,0.98,2.4,2.9,0.05,0.04,0.13,0.03,0.06,,0.03,0.05,0.03,0.09,0.04,0.05,0.04,0.19,0.06,0.02,0.1,0.05,0.04,,0.17,0.09,0.07,,0.02,0.2,0.06,0.42,0.21,0.15,0.04,0.79,,0.01,,,,,0.11,0.05,,,,0.05,0.01,,,0.03,,,,,0.02,0.05,,0.01,0.02,0.02,,,0.01,,0.15,,,,,,,,0.01,,,0.01,,,,0.02,0.02,0.13,,,,,,,0.01,
Yibinshi_511500,,,,,,,,,,,,,,,,,,,,,,,,,,,,,,,,,,,,,,,,,,,,,,,,,,,,,,,,,,,,,,,,,,,,,,,,,,,,,,,,,,,,,,,,,0.12,0.1,,,,,,,,,,,,,,,,,,,,,,,,,,,,,,,,,,,,,0.03,,,,,,,,,,,,,,,,,,,,,,,,,,,,,,,,,,,,,,,,,,,,,,,,,,,,,,,0.02,,,,,,,,,,,,,,0.07,,,,,,,,0.03,0.04,,,0.02,,,,0.02,,0.04,,0.18,,,0.04,0.04,,,,,,,,,0.03,,0.05,0.01,,,0.06,,,,,,,,,0.03,,,0.04,,,,,,1.89,2.79,13.7,0.37,15.28,0.77,0.76,0.5,0.86,3.65,5.28,0.67,1.24,,0.59,0.42,0.94,0.52,1.18,0.35,0.56,1.95,0.12,0.17,0.42,0.15,0.3,0.06,0.08,0.08,0.1,0.23,0.11,0.13,0.06,14.83,0.15,0.07,0.07,0.1,0.09,0.07,0.2,0.17,0.05,,,0.12,0.03,0.19,0.04,0.02,0.04,,,,0.1,,,,0.12,,,,,,0.01,,0.06,,,0.02,0.04,,,0.06,,0.02,,,,0.02,,,,,,,,,,,,,,,,0.04,0.02,,,0.02,,0.0,0.02,0.02,,,,
Guanganshi_511600,,,,,,,,,,,,,,,,0.07,,,,,,,,,,,,,,,,,,,,,,,,,,,,,,,,,,,,,,,,,,,,,,,,,,,,,,,,,,,,,,,,,,,,,,,,,,,,,,,,,,,,,,,,,,,,,,,,,,0.09,,,,0.1,,,,,,,,,,,,,,,,,,,,,,,,,,,,,,,,,,,,,,,,,,,,,,,,,,,,0.06,0.06,,,0.05,,,,,0.07,0.12,,,,,,,,,,,,0.05,,,,,,,,,,0.05,,0.03,0.04,,,,0.07,,0.11,0.04,,,0.06,,,,0.01,,0.03,,,,0.05,,,0.03,,,0.06,,,,0.07,,,,,,,,,,,0.02,,,,,,,12.2,1.76,0.52,0.36,0.63,0.53,1.04,0.84,2.32,0.41,0.47,9.85,0.34,0.47,,6.79,0.41,1.72,0.65,0.3,0.34,0.52,0.28,0.13,0.27,0.15,0.09,0.14,0.09,0.13,0.14,0.13,0.08,0.03,,0.11,0.07,,,0.05,0.04,0.06,,0.09,,,0.04,0.11,0.12,0.19,0.04,0.18,0.04,,,,0.08,0.02,,,0.16,,0.24,0.05,,0.04,,,,,,,,0.07,0.03,0.09,,0.01,,,,,,,,,,0.02,,0.01,,,0.01,,,,,0.05,0.02,,0.02,,0.05,,,0.01,,0.05,0.01,
Dazhoushi_511700,,,,,,,,,,,,,,0.03,,,,,0.01,,0.17,,0.14,0.03,,,,,,0.04,,,,,,,,,,,,,,,0.02,,,,,,,,,0.01,,,0.02,,,,,,,,,,0.02,,,,,,,,,,,,,,,,,,,,,,,,,,,,,,0.06,,,,,,,,,,,,,,,,,0.33,,0.12,0.04,0.12,0.05,,,0.05,,,,,,,,,,0.07,,,,,,,,,,,,,,,,,,,,,,,,,,0.05,,,0.08,0.11,,,,,0.06,,,0.18,0.06,0.07,,,,,,,,0.21,,,,,,,,,,,,0.04,,,,,,0.04,0.04,0.05,0.06,0.04,0.05,0.06,0.03,,0.02,0.02,0.1,0.02,0.14,,,0.02,0.11,,,,,,,,,,,,,,0.02,,0.03,,,0.03,0.11,,,,,,0.01,,,,,,,,0.03,0.07,0.03,,6.09,2.4,0.39,0.2,0.31,0.46,0.81,1.0,0.97,0.65,0.46,3.68,0.35,0.4,6.53,,0.22,13.6,0.32,0.3,0.23,0.28,0.08,0.04,0.16,0.07,0.04,0.04,0.08,0.07,0.06,0.04,0.03,0.03,,0.06,0.06,0.06,,0.02,,,,,,,,0.13,0.03,0.11,0.08,0.05,,,0.13,0.06,0.07,0.1,0.07,0.09,1.36,0.13,2.88,0.14,,0.02,,,,,,,,0.05,,0.08,,,,,,,,,,,,,,,,,0.01,,,,,0.05,0.04,0.05,,,,,0.02,0.01,,0.17,,
Yaanshi_511800,,,,,,,,,,,,,,,,,,,,,,,,,,,,,,,,,,,,,,,,,,,,,,,,,,,,,,,0.03,,,,,,,,,,,,,,,,,,,,,,,,,,,,,,,,,,,,,,,,,,,,,,,,,,,,,,,,,,,,,,,,,,,,,0.06,,,,,,,,,,,,,,,,,,,,,,,,,,,,,,,,,,,,,,,,,,,0.04,,,,,,,,,,,,,,,,,,,,,,,,,,,,,,,,,,,,,,,,,,,,,,,,,,,,,,,,,,,,,,,,,,,,,,,,,,,,,,,,,,,,,,0.48,4.77,1.19,1.92,0.68,1.87,1.22,0.33,0.75,1.04,4.56,0.66,3.81,0.95,0.41,0.3,,0.3,0.88,1.41,16.21,6.27,,,0.04,,,,,,,0.04,,,0.06,0.07,0.14,,0.07,0.15,,,,0.08,0.05,,0.02,0.09,0.09,0.34,0.08,0.05,0.04,,,,,,,,0.15,,,,,,,,,,,,,,,0.05,,,,0.01,,,0.01,0.08,,,,,,,,,,0.02,,,0.02,,,,,,,0.0,,,,,,
Bazhongshi_511900,,,,,,,,,,,,,,,,,,,,,0.11,,,,,,0.02,,,,,,,,,,,,,,0.02,,,,,,,,,,,,,,,,,,,,,,,,,,,,,,,,,,,,0.05,,,,,,,,,,,0.11,,,,,,,,,,,,,,,,,,,,,,,,,,,,,,,,,,,,,,,,,,,,,,0.03,,,,,,,,,,,,,,,,,,,,,,,,,,,0.07,,,,,,,,,,,,,,,,,,,,,0.04,,,,,,,,,,0.06,,,,,,,,,,,0.09,,,,,,,,,,,,,,0.04,,,,,,,,,,,,,,,,,0.05,,,,,,,,,,,,,,,,0.05,,,1.34,2.45,0.29,0.3,0.22,0.69,1.26,7.98,0.75,0.23,0.35,5.28,0.29,0.28,0.87,11.06,0.23,,0.22,0.19,0.14,0.22,0.04,,,,0.02,,,,,0.03,0.02,,,0.05,,,,,,,0.06,0.02,,,,0.03,0.06,0.03,0.04,,,,0.16,0.08,0.33,0.11,0.09,0.04,4.8,,0.25,0.04,0.04,,,,0.06,,,,,0.16,,0.21,,0.07,,,,,0.03,,,,,,,,,0.02,,,,0.01,,0.04,,,,0.02,,,,,,,,
Ziyangshi_512000,,,,,,,,,,,,,,,,,,,,,,,,,,,,,,,,0.02,,,,,,,,,,,,,,,,,,,,,,,,0.02,,,0.04,,,,,,,,,,,,,,,,,,,,,,,,,,,,,,,,,,,,,,,,,,,,,,,,,,,,,,,,,,,,,,,,,,,,,,,,,,,,,,,,,,,,,,,,,,,,,,,,,,,,,,,,,,,,,,,,,,,,,,,,,,,,,,,,,,,,,,,,,,,,,,,,,,,,,,,,,,,,,,,,,,,,,,,0.01,,,,,,,,,,,,,,,,,,,,,,,,,,,2.88,6.57,1.12,0.72,0.74,1.49,0.98,0.44,4.66,9.53,1.09,0.95,1.65,0.86,0.56,0.43,0.79,0.24,,0.43,0.59,0.6,0.11,0.05,0.12,0.05,0.05,,0.04,0.05,,0.09,0.04,0.04,,0.22,,0.02,0.03,0.05,,,,,,0.1,,0.07,,0.23,0.08,0.02,,,,,0.03,,,,,,,,,,,,,,,,,,,,,,,0.01,,,,,,,,,,,,0.02,0.02,0.02,,,,,,,,,0.02,,,,,,,
Abazangzuqiangzuzizhizhou_513200,,,,,,,,,,,,,,,,,,,,,,,,,,,,,,,,,,,,,,,,,,,,,,,,,,,,,,,,,,,,,,,,,,,,,,,,,,,,,,,,,,,,,,,,,,,,,,,,,,,,,,,,,,,,,,,,,,,,,,,,,,,,,,,,,,,,,,,,,,,,,,,,,,,,,,,,,,,,,,,,,,,,,,,,,,,,,,,,,,,,,,,,,,,,,,,,,,,,,,,,,,,,,,,,,,,,,,,,,,,,,,,,,,,,,,,,,,,,,,,,,,,,,,,,,,,,,0.58,4.48,0.98,0.16,0.77,2.02,2.98,0.9,0.81,0.92,0.89,0.95,0.83,0.53,0.51,0.63,1.35,0.61,0.68,,9.18,0.12,0.02,,0.05,,,,,,,,,,,0.03,,,,,,,,,,,0.02,,,0.34,0.04,,,,0.04,0.02,0.1,0.02,,,0.38,,,,0.1,,0.01,,0.09,,0.06,,,,0.06,1.97,0.24,5.05,0.05,0.04,,0.19,0.06,7.4,,0.15,,,,,,,0.01,,,,,,,,,,,,0.02,,,,,
Ganzizangzuzizhizhou_513300,,,,,,,,,,,,,,,,,,,,,,,,,,,,,,,,,,,,0.02,,,,,,,,,,,,,,,,,,,,,,,,,,,,,,,,,,,,,,,,,,,,,,,,,,,,,,,,,,,,,,,,,,,,,,,,,,,,,,,,,,,,,,,,,,,,,,,,,,,,,,,,,,,,,,,,,,,,,,,,,,,,,,,,,,,,,,,,,,,,,,,,0.06,,,,,,,,,,,,,,,,,,0.07,,,,,,,,,,,,,,,,,,,,,,,,,,,,,,,,,,,,,,,,,,,,,,,,,,,,,,,0.85,2.04,1.07,0.38,0.85,0.92,0.79,0.51,0.63,0.75,2.04,0.63,1.25,0.89,0.41,0.39,7.94,0.42,0.67,6.6,,2.18,0.05,0.03,0.13,,0.04,,,,,0.03,,,,0.13,0.21,0.02,,0.01,,,,0.19,,0.02,6.33,0.13,,24.84,0.82,0.07,0.04,,,,,,,,0.09,,0.11,,,,,0.04,,,,,,,,,0.04,0.01,0.03,,,0.08,0.08,5.99,12.35,,,,,0.01,,,,,,,,,,,,,,,,,,,,
Liangshanyizuzizhizhou_513400,,,,,,,,,,,,,,,,,,,,,,,,,,,,,,,,,,,,,,,,,,,,,,,,,,,,,,,,,,,,,,,,,,,,,,,,,,,,,,,,,,,,,,,,,,,,,,,,,,,,,,,,,,,,,,,,,,,,,,,,,,,,,,,,,,,,,,,,,,,,,,,,,,,,,,,,,,,,,,,,,,,,,,,,,,,0.06,,,,,,,,,,,,,,,,,,,,,,,,,,,,,,,,,,,,,,,,,,0.02,,,,,,,,,,,,,,,,,,0.03,,,,,,,,,,,,,,,,,,,,,,0.39,1.91,1.08,39.12,0.96,0.83,0.89,0.35,0.56,0.67,4.17,0.51,1.49,1.5,0.39,0.37,7.28,0.33,0.55,0.3,4.54,,,0.07,0.05,0.03,0.04,,0.04,,,0.79,0.34,0.12,0.14,12.41,4.71,0.06,0.06,1.22,0.09,0.08,0.18,0.2,0.1,0.05,0.34,,0.06,0.27,0.04,0.1,0.09,,,,,,,,0.14,,,,,,,0.04,,,,,,,,,,0.01,,0.01,,,0.01,0.26,,,,,,,,,,,,,,,,,,0.05,0.01,0.0,,0.01,,,,
Guiyangshi_520100,,,,,,,0.04,,,0.03,,,,,,,,0.05,,,,,,0.02,,0.04,0.03,0.05,,,,0.03,,0.04,,,,,,,0.01,,0.02,,,,,,0.03,0.08,,,0.01,0.02,0.04,,0.02,,,,,,,,,,,,,,,,,0.04,,,0.04,,0.06,,,,,,,0.03,0.07,0.2,0.41,0.08,0.09,0.09,0.24,0.07,,0.3,0.11,,,,0.03,,,,0.06,,,,,,,,,0.13,0.06,0.08,0.06,0.25,0.04,0.14,0.05,0.06,0.1,0.07,0.04,,0.07,0.16,0.18,0.08,0.11,0.09,0.08,,,,,,,,,,,,,,,,,,,,0.07,,,0.05,,,,,,,,,,,,0.03,,,0.05,0.15,0.02,0.11,0.06,0.13,0.06,0.16,0.07,0.1,0.04,0.07,0.06,0.13,0.11,0.06,0.12,0.17,0.47,0.14,0.22,0.34,0.08,0.16,0.16,0.88,0.29,0.46,0.1,0.04,0.19,0.08,,0.08,0.1,0.18,0.04,0.07,0.07,,0.07,0.04,0.03,0.06,0.1,0.07,0.06,0.06,0.04,0.23,0.22,0.5,0.08,0.59,0.18,0.11,0.12,0.09,0.81,0.29,0.68,0.06,0.07,0.07,0.28,1.31,0.1,0.09,0.18,0.02,0.09,0.03,,,0.05,0.15,0.09,0.03,0.03,0.07,,,1.55,0.25,0.22,0.38,1.02,0.12,0.08,0.09,0.32,0.27,0.19,0.32,0.1,0.53,0.69,0.29,0.08,0.16,0.29,0.05,0.07,0.08,,14.8,24.83,35.9,38.37,21.87,15.5,18.56,39.93,0.54,0.7,0.31,0.06,1.97,0.19,0.14,0.09,0.21,0.38,0.17,0.72,0.36,0.18,0.13,0.14,0.12,0.03,0.46,0.04,,0.04,,,,0.03,,,,0.07,,0.15,,,,,0.02,,,0.04,0.02,0.11,0.06,0.03,0.07,,,,,0.02,,,,,,,,,,,0.06,,,,,0.02,,0.02,,0.03,,0.03,,0.02,,,0.11,,
Liupanshuishi_520200,,,,,,,,,,,,,,,,,,,,,,,,,,,,,,,,,,,,,,,,,,,,,,,,,,,,,,0.02,,,,,,,,,,,,,,,,,,,,,,,,,,,,,,,,,,,,,,0.06,,,,,,,,,,,,,,,,,,,,,,,,0.09,0.04,,,,,,,,,,,0.05,,,,,,,,,,,,,,,,,,,,,,,,,,,,,,,,,,,,,,,,,,,,,,,,,,,,,,,,,,,0.02,,0.07,,0.06,0.04,,,,0.15,0.09,,,,,,,,,,,,,,,0.03,,,,,,,,,0.04,0.07,,0.08,0.06,0.04,0.04,0.02,0.3,0.03,0.05,0.01,0.04,,,,,,,,,,,,,,,,,0.05,,,0.3,0.04,0.05,0.09,0.46,0.01,,,0.03,0.09,0.08,0.06,0.02,0.12,0.09,0.05,,,0.02,0.01,0.01,0.07,4.37,,1.56,11.46,14.55,0.65,17.22,1.08,1.35,1.09,6.33,0.36,0.13,1.1,0.25,0.17,0.25,0.14,0.34,0.18,0.44,0.25,0.24,0.07,,,,0.03,0.04,0.02,,,,,,,,,,,,,,,,,,,,,,,,,,,,,,,,,,,,,,,,,,0.02,,,,,,,,,,0.0,,,,,,
Zunyishi_520300,,,,,,,,,,,,,,,,,0.04,,,,,,,,,,,,,,,0.03,,,,,,,,,,,,,,,,0.01,,,,,,,,,,,,,,,,,,,,0.19,0.14,,,,,,,,,,,,,,,,,,,0.18,0.64,0.06,,0.07,0.26,0.05,,0.22,0.19,,,,0.03,,,,,0.04,,,,,,,,0.12,0.08,0.14,0.04,0.35,0.06,0.05,,0.06,,0.06,0.09,,0.05,,0.12,0.08,0.1,0.06,0.05,,,,,,,,,,,,,,,,,,,,,,,,,,,,,,,,,,,,,0.08,0.06,,,,,,0.05,0.1,,0.22,,,,,0.08,0.03,0.07,0.13,0.19,0.09,0.13,0.35,0.1,0.05,0.12,0.54,0.09,0.55,0.1,,0.11,0.11,0.12,0.13,0.14,0.06,0.05,0.12,0.13,0.05,0.04,0.06,0.17,0.13,0.18,0.14,0.06,0.07,0.09,0.13,0.14,0.31,0.07,0.41,0.28,0.06,0.1,0.09,0.22,0.1,0.37,0.05,0.03,0.04,0.16,,,,0.15,,0.03,0.07,,,0.03,,,,0.05,0.18,,,8.86,0.36,1.64,0.03,18.46,0.09,0.17,0.13,0.33,1.23,0.45,0.38,0.21,1.48,0.49,0.41,0.2,0.14,0.39,0.04,0.21,0.09,15.95,3.12,,4.4,10.1,15.51,3.01,6.58,7.86,0.24,0.33,0.06,0.06,0.57,,0.07,0.04,0.07,0.22,0.18,0.19,0.14,0.1,0.13,0.04,,0.03,,0.08,0.05,,,,0.06,,0.02,,0.05,0.09,,0.07,,,0.01,,,,,,0.02,,0.05,,,,,,,,,,0.17,,,,,,,,,,,,,,,,,0.02,,,0.01,,,,,,
Anshunshi_520400,,,,,,,,,,,,,,,,,,,,,,,,,,,,,,,,,,,,,,,,,,,,,,,,,,,,,,,,,,,,,,,,,,,,,,,,,,,,,,,,,,,,,,,,0.08,0.19,,,0.07,0.27,0.05,,0.15,,,,,,,,,,,,,,,,,,,,0.06,,,,0.04,0.02,,,,0.04,,,,,,,,,,,,,,,,,,,,,,,,,,,,,,,,,,,,,,,,,,,,,,0.05,,,,,,,,,,0.04,0.04,,,,0.03,0.04,,0.21,,0.07,0.23,0.03,,0.08,0.25,0.1,0.18,,,,,,,,,,,0.03,,0.03,0.03,0.05,0.02,,,0.03,,0.01,0.08,0.1,0.35,0.03,0.07,0.04,0.02,0.12,0.04,0.26,0.12,0.12,0.11,,,,,,,,,,,,,,,,,,,,,0.34,0.05,0.04,0.19,0.23,0.04,0.02,,0.06,0.1,0.1,,0.01,0.09,0.09,,0.02,0.06,0.06,,0.01,0.06,12.16,12.04,2.48,,6.39,1.5,12.5,2.32,6.31,0.31,0.54,0.15,0.11,0.43,0.24,0.13,0.07,0.14,0.28,0.12,0.3,0.19,0.23,0.02,0.02,,,,0.08,0.02,,,,,,,,,0.09,,,,,0.04,0.05,0.08,,,0.15,0.05,,,,,,,,,,,,,,,,,0.05,0.01,0.04,,,0.02,,,,,,,,,,,,0.01,,,,
Bijieshi_520500,,,,,,,,,,,,,,,,,,,,,,,,,,,,,,,,,,,,,,,,,,,,,,,,,,,,,,,,0.1,,,,,,,,,,,,,,,,,,,,,,,,,,,,,,,,0.21,0.36,0.08,0.07,0.13,0.3,0.06,,0.29,0.1,,,,,,,0.03,,,,,,,,,,0.09,0.04,0.17,0.04,0.25,,0.04,0.05,0.05,,,0.04,,,0.05,,,,,0.05,,,,,,,,,,,,,,,,,,,,,,,,,,,,,,,,,,,,,,,,,0.04,,,,,,,0.05,,,,0.04,,0.05,0.05,0.24,0.04,0.05,0.2,0.05,,0.05,0.2,0.13,0.19,0.04,,0.09,,0.06,0.04,0.05,,0.04,0.05,0.08,,,0.03,0.03,0.03,0.11,0.06,0.09,0.02,0.03,0.05,0.1,0.1,0.04,0.21,0.09,,0.1,0.03,0.18,0.06,0.12,,0.03,,,,,,,,,,0.04,0.03,,0.09,,0.06,,,0.03,,0.65,0.11,0.37,0.05,3.21,0.07,0.02,0.04,0.12,0.19,0.24,0.08,0.1,0.7,0.14,0.09,0.05,0.06,0.11,0.01,0.04,0.14,17.27,26.76,10.44,11.16,,2.69,3.87,3.51,3.95,0.68,3.79,0.51,0.03,12.55,0.11,0.09,0.12,0.06,0.29,0.2,0.31,0.16,0.08,0.02,0.09,0.04,0.03,0.07,,,,,,0.01,,,,,,,0.07,,,,,,0.06,,,,,,,,0.02,,,,,0.02,,,,,,,,,,,,,,,,,,,,,0.0,,0.04,,,,,
Tongrenshi_520600,,,,,,,,,,,,,,,,0.03,,,,,,,,,,,,,,,,,,,,,,,,,0.02,,0.02,,,,,,,,,,,0.01,,,,0.01,,,,,,,,,,,,,,,,,,,,,,,,,,,,,,0.11,0.43,0.08,,0.07,0.15,0.06,0.14,0.2,0.09,,,,,,,,,0.07,,,,,,,,0.08,0.19,,0.07,0.22,0.11,,0.08,,,,,,0.06,0.09,0.08,,0.11,0.11,,,,,,,,,,,,,,,,,,,,,,,,,,,,,,,,,,,,,,,0.09,,,,,0.09,0.05,,,0.18,0.05,,0.05,,0.12,0.11,0.11,0.18,0.65,0.12,0.31,0.44,0.19,0.07,0.06,7.57,0.3,8.08,0.06,0.07,,0.1,0.07,0.14,0.51,,0.08,0.4,0.15,0.07,0.07,0.07,0.14,0.06,0.05,0.23,0.03,0.07,0.15,0.04,0.07,0.12,0.03,0.15,0.08,0.02,0.05,,0.07,0.06,0.11,0.04,,0.02,,,,,,,,,,,0.03,,,,0.07,,0.03,,1.86,0.03,0.03,0.02,0.17,0.01,0.02,,0.06,0.04,0.05,0.03,,0.11,0.08,0.08,,0.09,,0.0,0.01,0.02,6.08,0.9,7.65,1.66,1.19,,1.17,11.58,2.97,0.08,0.12,0.04,0.03,0.18,0.07,0.04,0.04,0.05,0.08,0.08,,0.03,0.07,,0.04,,,,,,,,,,,,,,,,,,,,,,,,,,,,,,,,,,,,,,,,,,,,,,,,,,,,,,,,,0.0,,,,,,
Qianxinanbuyizumiaozuzizhizhou_522300,,,,,,,,,,,,,,,,,,,,,,,,,,,,,,,,,,,,,,,,,,,,,,,,,,,,,,,,,,,,,,,,,,,,,,0.09,,,,,,,,,,,,,,,,,,,0.13,,,,0.3,0.06,,0.17,0.07,,,,,,,,,,,,,,,,,,,,,0.12,,,,,,,,,,,,,,,,,,,,,,,,,,,,,,,,,,,,,,,,,,,,,,,,,,,,0.08,,,,,,,,,,,,,,,,,0.02,,0.09,,,,,0.05,0.06,0.06,0.02,0.11,,,0.05,,0.1,0.06,,0.09,0.05,0.03,0.07,,0.05,,0.05,,0.11,0.03,,,0.03,0.19,0.11,0.13,0.04,0.21,0.15,0.14,0.06,0.07,7.82,0.03,0.23,,0.06,,0.06,,,,,,0.03,0.07,,,,,,,,,0.03,,0.17,0.04,0.04,0.09,0.12,,0.02,,0.03,0.04,,,0.01,0.07,0.05,,0.01,,0.02,0.03,,0.04,3.54,10.91,1.16,7.73,1.3,0.53,,1.02,2.33,0.58,4.09,0.19,0.07,0.2,0.15,0.12,0.12,0.12,0.63,0.53,0.36,0.21,0.11,0.05,0.04,,0.06,0.03,0.08,,,0.26,,,,,,,,,,,,,,,,,,,,,,,,,,,,,,,,,,,,,,,,,,,,,,0.02,,,,,0.04,,,,,
Qiandongnanmiaozudongzuzizhizhou_522600,,,,,,,,,,,,,,,,,,,,,,,,,,,,,,,,,,,,,,,,,,,,,,,,,,,,,,,,,,,,,,,,,,,,,,,,,,,,,,,,,,,,,,,0.06,0.1,0.34,,0.08,0.12,0.22,0.08,,0.12,0.13,,,,,,,,,,,,,,,,,0.07,0.03,0.07,0.11,0.1,0.06,0.03,0.06,,,,0.08,,,,,,0.1,0.21,,,,,,,,,,,,,,,,,,,,,,,,,,,,,,,,,,,,,,,,,,,,0.05,,,,0.06,0.04,,,,0.14,0.09,0.11,0.15,1.3,0.05,0.16,0.33,0.08,0.14,0.22,6.23,0.32,0.74,0.11,0.09,0.12,0.09,0.22,0.14,0.14,0.07,0.13,0.08,0.11,0.1,0.07,0.08,0.04,0.08,0.24,0.11,0.26,0.16,0.04,0.18,2.43,1.25,0.12,0.35,0.08,0.13,0.21,0.12,0.4,0.16,1.01,0.14,0.08,0.02,,,,,,0.04,0.03,,,,,,,0.03,,,0.03,,0.47,0.04,0.07,0.05,0.23,0.02,0.02,,0.03,0.09,0.05,0.08,0.03,0.19,0.14,0.13,0.03,0.04,0.04,,,,8.04,2.01,5.29,3.68,2.08,13.76,1.93,,19.15,0.12,0.23,0.08,0.02,0.3,0.1,0.02,,0.04,0.07,0.08,,0.06,0.18,0.02,,,,0.03,0.04,,,,,,,,,,,,,,,,,,,,,,,,,,,,,,,,,,,,,,,,,,,,0.04,,,,,,,,,,,,,,,
Qiannanbuyizumiaozuzizhizhou_522700,,,,,,,,,,,,,,,,,,,,,,,,,,,,,,,0.06,,,,,,,,,,,,,,,,,,,,,,,,,,,,,,,,,,,,,,,,,,,,,,,,,,,,,,,,,0.17,0.16,,0.1,0.1,0.37,0.06,,0.11,0.09,,,,,,,,,,,,,,,,,0.08,0.04,0.07,,0.1,0.05,,0.03,,,,,,,0.1,,,,,,,,,,,,,,,,,,,,,,,,,,,,,,,,,,,,,,,,,,,,,,,,0.04,,,0.06,0.09,,0.05,,,0.05,0.05,0.06,0.12,0.28,0.04,0.06,0.24,0.06,0.04,0.08,0.48,0.16,0.22,0.06,0.08,0.09,0.05,0.05,0.06,0.1,0.18,0.1,0.05,0.07,,0.03,0.06,0.11,0.03,0.15,0.07,0.16,0.04,0.05,0.28,0.53,0.52,0.13,0.53,0.28,0.09,0.2,0.15,0.98,0.14,5.15,0.15,0.1,,0.1,,0.03,0.04,0.04,0.04,0.05,0.03,,,0.07,0.04,0.04,,0.12,,,0.03,0.53,0.05,0.06,0.06,0.34,0.02,0.06,0.05,0.05,0.04,0.09,0.06,0.02,0.13,0.13,0.07,0.04,0.03,0.09,0.03,0.01,0.02,18.74,2.65,5.78,10.87,2.93,3.92,6.08,26.07,,0.14,0.16,0.05,0.04,0.24,0.03,0.07,0.06,0.05,0.13,0.13,0.07,0.11,,,,,0.03,,0.04,0.02,,,,0.01,,,,,,,,,,,,,,,,,,,,,,0.01,,,0.02,,,,,,,,,,,,,,,0.01,,,,,,,,,,,,,,
Kunmingshi_530100,,,0.1,,,0.07,0.04,0.04,0.03,,0.04,,,0.03,,,,,,0.03,0.08,,,0.03,0.1,,,0.05,,,,,,0.04,0.03,,0.03,,,,,,0.03,0.02,0.02,,,,,0.06,0.04,0.11,0.02,,0.03,0.02,,0.02,0.09,0.2,,,,,0.08,0.06,0.02,0.09,,,,,0.09,0.06,0.06,,,,,,,,,,,,0.06,,,,0.04,0.06,0.14,0.1,0.06,0.13,,0.03,,,,0.02,,,,,,,,,0.05,,,0.15,0.09,0.1,0.06,0.16,0.06,0.04,0.05,0.07,0.11,,0.11,,,0.11,,0.11,0.09,0.13,0.1,0.04,0.06,0.03,0.04,,0.05,0.05,0.04,,0.06,,0.07,,0.04,0.03,,0.04,0.04,0.1,,,,,,,,,,,,,,,0.04,0.07,0.06,0.09,0.09,0.09,,,0.07,0.09,0.05,0.06,0.13,0.11,0.12,,0.14,,0.09,0.07,0.06,0.14,0.3,,0.1,0.12,0.02,0.1,0.07,0.26,0.11,0.19,0.08,0.05,0.1,0.07,0.04,0.04,0.05,0.33,0.14,0.06,0.06,0.05,0.05,,0.05,0.02,0.05,0.03,0.02,0.03,0.03,0.24,0.12,0.25,0.07,0.57,0.24,0.14,0.13,0.16,0.71,0.05,0.21,0.04,0.14,0.09,0.3,,0.07,,0.07,,0.09,0.05,0.02,,,0.02,,,0.07,,0.03,,0.86,0.27,0.5,5.44,0.48,0.1,0.13,0.11,0.17,0.29,0.2,0.24,0.09,0.75,0.41,0.12,0.17,0.09,0.15,0.04,0.21,4.54,0.56,4.87,0.53,0.98,1.68,0.23,3.91,0.37,0.32,,49.62,50.3,12.83,25.36,11.59,19.73,21.9,55.29,37.41,25.04,17.39,20.68,13.24,14.05,14.75,0.35,0.06,0.3,0.52,0.33,,0.52,0.05,,0.04,,0.03,,0.08,,0.07,0.02,0.05,,0.11,0.04,0.08,,0.04,,,0.08,,0.07,,0.02,0.03,,0.02,,,,,,0.04,0.04,0.03,,,0.02,,,0.07,0.01,0.02,,,,0.05,,,0.01,0.04,0.01,,,,
Qujingshi_530300,,,,,,,,,,,,,,,,,,,,,,,,,,,,,,,,,,0.04,,,,,,,,,,,,0.01,,,,,,,,,,,,,,,,,,,,,,,,,,,,,,,,,,,,,,,,,,,,,,,,0.06,,,,,,,,,,,,,,,,,,,,,,,0.03,,,,,,,,,,,0.05,,,,,,,,,,,,,,,,,,,,,,,,,,,,,,,,,,,,,,,,,,,,,,,,,,,,0.18,,,,,,,0.02,,0.05,,,,,,,0.06,,0.07,,,,,,,0.04,,,,0.04,,,,0.02,0.03,,,0.03,,0.03,0.08,0.05,0.08,0.04,0.09,0.09,0.08,0.02,0.05,1.38,,0.05,,0.06,,,,,,,0.04,,,,,,,,,,,,,0.27,0.05,0.08,0.44,0.19,0.01,,,0.03,0.08,0.06,0.07,0.05,0.26,0.04,0.06,,,0.02,0.01,0.04,0.48,0.21,9.29,0.16,0.6,2.72,0.05,7.58,0.19,0.18,19.95,,4.22,1.27,6.63,1.08,2.16,1.45,3.24,9.52,5.91,2.42,2.01,1.29,0.82,0.71,,,0.15,,0.02,,,,,,,,,,0.04,,,,,,,,,,,,,,,0.02,,,,,,,,0.15,,,,,,,,,0.02,0.07,0.01,,,0.03,,0.04,,,,,,,,0.01,
Yuxishi_530400,,,,,,,,,,,,,,,,,,,,,,,,,,,,,,,,,,,,,,,,,,,,,,,,,,0.04,,,,,,,,,,,,,,,,,,,,,,,,,,,,,,,,,,,,,,,,,,,,,,,,,,,,,,,,,,,,,,,,,,,,,,,,,,,,,,,,,,,,,,,,,,,,,,,,,,,,,,,,,,,,,,,,,,,,,,,,,,,,,,,,,,,,,,,,,,,,,,,,,,,,,,,,,,,,,,,,,,,,,,,,,,,,,,,0.04,,,0.04,0.12,,0.02,,,,,,,,,,,,,,,,,,,,,,0.17,0.03,0.05,0.44,0.08,0.01,,0.03,0.01,0.01,0.06,,,0.11,0.02,,,0.04,0.03,,0.08,0.14,0.09,0.38,0.05,0.09,0.22,,0.28,,0.08,15.26,3.91,,0.63,0.98,0.45,12.51,0.89,8.01,16.96,2.74,5.32,1.7,0.46,0.69,0.19,,,,0.04,0.02,,,,,,,,,,,,,,,,,,,,,,,,,,,,,,,,,,,,,,,,,,,,,,,,,,,,,,,,,0.01,
Baoshanshi_530500,,,,,,,,,,,,,,,,,,,,,,,,,,,,,,,,,,,,,,,,,,,,,,,,,,,,,,,,,,,,,,,,,,,,,,,,,,,,,,,,,,,,,,,,,,,,,,,,,,,,,,,,,,,,,,,,,,,,,,,,,,,,,,,,,,,,,,,,,,,,,,,,,,,,,,,,,,,,,,,,,,,,,,,,,,,,,,,,,,,,,,,,,,,,,,,,,,,,,,,,,,,,,,,,,,,,,,,,,,,,,,,,,,,,,0.02,,,,,,,,,,,,,,,,,,,,,,,,,,,0.1,0.03,,,,,,,,0.02,,,,0.01,,,,,0.05,,,,,0.04,,0.08,,,1.44,0.35,0.53,,0.18,1.22,0.53,19.55,1.04,0.39,0.27,0.51,8.87,54.68,21.23,0.49,,,,,,,,,,,,,,,,,,,,,,,,,,,,,,,,,,,,,,,,,,,,,,,,,,,,,,,,,0.0,,,,,,
Zhaotongshi_530600,,,,,,,,,,,,,,,,,,,,,,,,,,,,,,,,,,,,,,,,,,,,,,,,,,,,,,,,,,,,,,,,,,,,,,,,,,,,,,,,,,,,,,,,,,0.1,,,0.33,,,,,,,,,,,,,,,,,,,,,,,0.05,,,,,,,,,,,,,,,,,,,,,,,,,,,,,,,,,,,,,,,,,,,,,,,,,,,,,,,,,,,,,,,,0.06,,,,,,,,,0.03,,,,,,,0.09,,0.05,,,,,,,,,,,,0.03,,,,,,0.03,0.04,,,,,,,0.16,0.04,0.02,,0.02,0.03,0.04,0.02,0.02,,,,,,,,,,,,,,0.02,0.04,,,,,,0.42,0.22,0.84,0.5,1.65,0.08,0.11,0.12,0.15,0.53,0.49,0.15,0.12,13.55,0.07,0.06,0.09,0.03,0.22,0.07,0.09,15.8,0.2,0.81,0.21,0.31,5.54,0.11,0.32,0.12,0.13,4.81,4.53,1.05,0.51,,0.23,0.58,0.28,0.77,0.94,0.49,0.91,0.42,0.23,0.13,0.44,,,,0.04,,0.04,,,,0.04,,,,0.12,0.04,,,,,,,,,,,,,,,,,,,,,,,,,,,,0.04,0.02,,,,,,,,0.05,,,0.05,,0.0,,,,,,
Lijiangshi_530700,,,,,,,,,,,,,,,,,,,,,,,,,,,,,,,0.06,,,,,,,,,,,,,,,0.03,,,,,,,,,,,,,,,,,,,,,,,,,,,,,,,,,,,,,,,,,,,,,,,,,,,,,,,,,,,,,,,,,,,,,,,,,,,,,,,,,,,,,,,,,,,,,,,,,,,,,,,,,,,,,,,,,,,,,,,,,,,,,,,,,,,,,,,,,,,,,0.02,,,,,,,,,,,0.03,,,,,,,,,,,,,,,,,,,,,,0.03,,,,,,,,,0.08,,,0.01,0.03,,,,,,,,,,,,,,,,,,,,0.13,0.13,0.07,8.76,0.07,0.05,0.05,,0.08,0.07,0.15,0.04,0.04,0.1,0.03,,0.21,,0.02,0.01,0.94,4.93,0.07,0.14,0.06,0.12,0.1,0.05,0.19,0.04,0.06,2.33,0.56,0.95,1.84,0.31,,0.58,0.61,2.14,0.67,0.63,0.82,26.73,1.12,5.2,40.35,0.03,0.03,0.23,0.04,,,,,0.01,,,,,,,,0.02,,,,,,,,,,,,,,,,,,,,,,,,,,,,,,,,,,,,,,,,,,,,,,
Puershi_530800,,,,,,,,,,,,,,,,,,,,,,,,,,,,,,,,,,,,,,,,,,,,,,,,,,,,,,,,,,,,,,,,,,,,,,,,,,,,,,,,,,,,,,,,,,,,,,,,,,,,,,,,,,,,,,,,,,,,,,,,,,,,,,,,,,,,,,,,,,,,,,,,,,,,,,,,,,,,,,,,,,,,,,,,,,,,,,,,,,,,,,,,,,,,,,,,,,,,,,,,,,,,,,,,,,,,,,,,,,,,,,,,,,,,,0.04,,0.02,,,,,,,,,,,,,,,,,,,,,,,,,0.05,0.03,,,,,,,,,,,,,,,,,0.04,,0.04,,,0.04,,0.09,,,1.93,0.6,5.49,0.41,0.21,0.15,,15.13,1.44,3.23,0.53,44.39,1.77,0.21,0.34,0.17,,,,,,,,,,,,,,,,,,,,,,,,,,,,,,,,,,,,0.01,,,,,,,,,,,,,,,,,,,,,,,,,,,
Lincangshi_530900,,,,,,,,,,,,,,,,,,,,,,,,,,,,,,,,,,,,,,,,,0.02,,,,,,,,,,,,,,,,,,,,,,,,,,,,,,,,,,,,,,,,,,,,,,,,,,,,,,,,,,,,,,,,,,,,,,,,,,,,,,,,,,,,,,,,,,,,,,,,,,,,,,,,,,,,,,,,,,,,,,,,,,,,,,,,,,,,,,,,,,,,,,,,,,,,,,,,,,,,,,,,,,,,,,,,,,,,,,,,,,,,,,,,,,,,,,,,,,,,,,,,,,,,,,,,,,,,,,,0.05,,,,,,,,,,0.02,,,,,,,,,,,,,,,0.04,,,0.85,0.22,0.29,10.46,0.07,0.34,10.8,,0.7,0.18,0.24,1.63,5.58,0.99,0.66,0.27,,,,,,,,,,,,,,,,,,,,,,,,,,,,,,,,,,,,,,,,,,,,,,,,,,,,,,,,,,,,,,,
Chuxiongyizuzizhizhou_532300,,,,,,,,,,,,,,,,,,,,,,,,,,,,,,,,,,,,,,,,,,,,,,,,,,,,,,,,,,,,,,,,,,,,,,,,,,,,,,,,,,,,,,,,,,,,,,,,,,,,,,,,,,,,,,,,,,,,,,,,,,,,,,,,,,,,,,,,,,,,,,,,,,,,,,,,,,,,,,,,,,,,,,,,,,,,,,,,,,,,,,,,,,,,,,,,0.04,,,,,,,,,,,,,,,,,,,,,,,,,,,,,,,,0.08,,0.02,,,0.02,,,,,,,,,,,,0.03,,,,,,,,,,,,,0.02,0.04,8.48,0.07,0.03,,,,0.02,0.03,,0.01,0.03,,,0.06,,0.02,,,1.06,0.02,0.2,,0.05,0.06,,0.22,,,11.66,1.56,4.92,2.03,0.81,2.33,2.09,2.58,,1.41,1.33,0.78,7.09,1.22,1.54,1.82,,,0.07,0.04,,,,,,,,,,,,,,,,,,,,,,,,,,,,,,,,,,,,,,,,,,,,,,,,0.03,,,,,,,,,,,
Honghehanizuyizuzizhizhou_532500,,,,,,,,,,,,,,,,,,,,,,,,,,,,,,,,,,,,,,,,,,,,,,,,,,,,,,,,,,,,,,,,,,,,,,,,,,,,,,,,,,,,,,,,,,,,,,,,,,,,,,,,,,,,,,,,,,,,,,,,,,,,,,,,,,,,,,,,,,,,,,,,,,,,,,,,,,,,,,,,,,,,,,,,,,,,,,,,,,,,,,0.04,,,,,,,0.03,,,,,0.04,,0.06,,,,,,,,,,,,0.02,,,,,,,,,,,0.01,0.07,0.03,,,0.08,0.09,0.05,,0.02,0.53,,0.04,0.02,0.07,,,,,,,,,0.05,,,,,,,,,,,0.1,0.02,0.04,0.53,0.04,0.02,,,,0.02,0.05,,0.01,0.03,0.05,,0.02,,0.01,,,0.15,0.09,0.3,0.08,0.15,0.15,,0.9,,0.06,12.42,8.91,18.61,0.7,0.69,0.46,9.04,0.67,3.01,,28.91,4.38,1.37,0.8,0.47,0.27,,0.03,,0.04,0.02,,,,,,,,,,,,,,,,,,,,,,,,0.05,,,,,,,,,,,,0.01,,,,,,,,,,,,,,,,,,,,,,
Wenshanzhuangzumiaozuzizhizhou_532600,,,,,,,,,,,,,,,,,,,,,,,,,,,,,,,,,,,,,,,,,,,,,,,,,,,,,,,,,,,,,,,,,,,,,0.07,,,,,,,,,,,,,,,,,,,,,,0.05,,,,0.05,,,,,,,,,,,,,,,,,,,,,,,,,,,,,,,,,,,,,,,,,,,,,,,,,,,,,,,,,,,,,,,,,,,,,,,,,,,,,,,,,,,,,,,,,,,,,,0.06,,,,,,,,,,,,,0.07,0.06,0.07,0.15,0.15,0.17,0.07,0.05,,0.04,0.04,0.33,,0.1,0.07,0.02,,0.09,0.25,0.05,0.09,0.1,0.25,0.53,0.34,0.12,0.14,7.37,0.03,0.22,0.09,0.41,,,,,,,,,,,,,,,,,,,,,,0.03,0.05,0.04,,,,,,,,,,0.04,,0.02,,,,,0.05,0.02,0.08,0.04,0.05,0.06,,0.42,,,2.83,1.9,1.55,0.24,0.27,0.23,0.61,0.34,0.5,14.43,,1.22,0.54,0.23,0.1,0.12,,,,,,0.04,0.26,,,,,,,,,,,,,,,,,,,,,,,,,,,,,,,,,,,,,,,,,,,,,,,,,,,,,,,,
Xishuangbannadaizuzizhizhou_532800,,,,,,,,,,,,,,,,,,,,,,,,,,,,,,,0.06,,,,,,,,,,,,,,,,,,,,,,,,,,,,,,,,,,,,,,,,,,,,,,,,,,,,,,,,,,,,,,,,,,,,,,,,,,,,,,,,,,,,,,,,,,,,,,,,,,,,,,,,,,,,,,,,,,,,,,,,,,,,,,,,,,,,,,,,,,,,,,,,,,,,,,,,,,,,,0.05,,,,,,0.04,,,,,,,,,,,,,,,,,,,,,,,,,,,,0.06,,,,,,,0.05,,0.02,,,,,,,,,,,0.05,,,,,,,,,,,,0.02,0.01,0.14,0.04,0.01,,,,,0.03,,0.01,0.08,0.04,,,,0.02,,,0.07,0.03,0.12,0.11,0.1,0.03,,0.08,,,1.44,0.64,2.21,0.78,0.3,0.34,29.83,2.08,0.36,1.78,0.73,,0.42,0.41,0.15,0.14,,,,,,,,,,,,,,,,,,,,,,,,,,,,,,,,,,,,,,,,,,,,,,,0.02,,,,,,,,,,,,,,,0.01,
Dalibaizuzizhizhou_532900,,,,,,,,,,,,,,,,,,,,,,,,,,,,,,,,,,,,,,,,,,,,,,,,,,,,,,,,,,,,,,,,,,,,,,,,0.24,,,,,,,,,,,,,,,,,,,,,,,,,,,,,,,,,,,,,,,,,,,0.03,,,,,,,,,,0.06,,,,,,,,,,,,,,,,,,,,,,,,,,,,,,,,,,,,,,,,,,,,,,,,,,,,,,,0.06,,,,,,,,,0.07,,,,,,,0.06,0.04,0.05,,,,,,,,,0.02,,,,,,,,,,,,,0.11,0.04,0.08,,,0.04,0.02,0.03,,0.25,,0.02,0.01,0.02,,0.07,,,,,,,,0.02,,,,,0.06,,,,,0.23,0.12,0.08,1.4,0.18,0.04,0.04,0.04,0.03,0.09,0.08,0.03,0.03,0.15,0.07,0.04,0.12,,0.01,,0.59,0.41,0.17,0.4,0.18,0.28,0.26,0.13,0.54,0.15,0.14,8.07,2.15,2.76,21.89,0.97,44.3,4.56,23.06,12.06,2.26,1.96,1.9,,11.54,45.81,23.13,,,0.3,,0.02,,0.79,,,,,,,,,,,,,,,,,,,,,,,,,,,,,,,,,,,,,,,,,,,,,,,,,,,,0.01,,,,
Dehongdaizujingpozuzizhizhou_533100,,,,,,,,,,,,,,,,,,,,,,,,,,,,,,,,,,,,,,,,,,,,,,,,,,,,,,,,0.02,,,,,,,,,,,,,,,,,,,,,,,,,,,,,,,,,,,,,,,,,,,,,,,,,,,,,,,,,,,,,,,,,,,,,,,,,,,,,,,,,,,,,,,,,,,,,,,,,,,,,,,,,,,,,,,,,,,,,,,,,,,,,,,,,,,,,,,,,,,,,,,,,,,,,,,,0.03,,,,,,,,,,0.03,,,,,,,,,0.01,,,,,,,,,,,,,,,,,,,,,,,,,,,,,0.05,,,,,,,,,0.01,,,,,,,,0.03,,,,,0.04,,,,,,0.57,0.18,0.2,33.01,0.07,0.44,0.19,0.83,0.36,0.18,0.06,0.19,2.06,,1.16,0.17,,,,,,,,,,,,,,,,,,,,,,,,,,,,,,,,,,,,,,,,,,,,,,,,,,,,,,,,,,,,,,,
Nujianglisuzuzizhizhou_533300,,,,,,,,,,,,,,,,,,,,,,,,,,,,,,,,,,,,,,,,,,,,,,,,,,,,,,,,,,,,,,,,,,,,,,,,,,,,,,,,,,,,,,,,,,,,,,,,,,,,,,,,,,,,,,,,,,,,,,,,,,,,,,,,,,,,,,,,,,,,,,,,,,,,,,,,,,,,,,,,,,,,,,,,,,,,,,,,,,,,,,,,,,,,,,,,,,,,,,,,,,,,,,,,,,,,,,,,,,,,,,,,,,,,,,,,,,,,,,,,,,,,,,,,,,,,,,,,,,,,,,,,,,,,,,,,,,0.04,,,,,,,,,,0.57,0.15,0.22,6.55,0.03,1.34,0.1,0.39,0.38,0.16,,,6.63,0.97,,4.11,,,0.03,1.17,,,,,,,,,,,,,,,,,,,,,,,,,,,,,,,,,,,,,,,,,,,,,,,,,,,,,,,,,,,
Diqingzangzuzizhizhou_533400,,,,,,,,,,,,,,,,,,,,,,,,,,,,,,,,,,,,,,,,,,,,,,,,,,,,,,,,,,,,,,,,,,,,,,,,,,,,,,,,,,,,,,,,,,,,,,,,,,,,,,,,,,,,,,,,,,,,,,,,,,,,,,,,,,,,,,,,,,,,,,,,,,,,,,,,,,,,,,,,,,,,,,,,,,,,,,,,,,,,,,,,,,,,,,,,,,,,,,,,,,,,,,,,,,,,,,,,,,,,,,,,,,,,,,,,,,,,,,,,,,,,,,,,,,,,,,,,0.13,0.02,,,,,,,,,,,,,,,,5.08,0.05,,0.02,,,,,,,,0.52,0.19,0.21,0.51,0.05,14.67,0.06,0.32,0.37,0.11,0.07,0.09,4.52,0.12,2.84,,0.07,,10.12,0.04,0.02,,,,,,,,,,,,,,,,,,,,,,,,,,,,0.01,,,,,,,,,,,,,,,,,,,,,,,,,,,,,,
Lasashi_540100,,,,,,,,,,,,,,,,,,,,,,,,,,,,,,,,,,,,,,,,,,,,,,,,,,,,,,,,,,,,,,,,,,,,,0.07,,,,,,,,,,,,,,,,,,,,,,,,,,,,,,,,,,,,,,,,,,,,,,,,,,,,,,,,,,,,,,,,,,,,,,,,,,,,,,,,,,,,,,,,,,,,,,,,,,,,,,,,,,,,,,,,0.06,,,,,,,,,,,,,,,,,,,,,,,,,,,,,,,,,,,,,,,,,,,,,,,,,,,,,,,,,,,,,,,,,,,,,,,,,0.1,,,,0.05,0.13,,0.21,0.03,0.03,0.07,0.08,0.03,0.02,,0.08,,0.02,0.07,0.17,0.03,,,,,,,,,,,,,,,,,,,,,,0.02,,,0.07,,74.46,6.1,58.97,79.65,69.4,16.4,,,,,,,,,,,0.03,,,0.05,,0.08,0.21,,,,,,0.22,0.07,0.11,0.13,0.02,0.02,0.04,0.08,0.53,1.95,,,0.02,,,,,0.02,,,,,,,0.02,,,,,,,,,
Rikazeshi_540200,,,,,,,,,,,,,,,,,,,,,,,,,,,,,,,,,,,,,,,,,,,,,,,,,,,,,,,,,,,,,,,,,,,,,,,,,,,,,,,,,,,,,,,,,,,,,,,,,,,,,,,,,,,,,,,,,,,,,,,,,,,,,,,,,,,,,,,,,,,,,,,,,,,,,,,,,,,,,,,,,,,,,,,,,,,,,,,,,,,,,,,,,,,,,,,,,,,,,,,,,,,,,,,,,,,,,,,,,,,,,,,,,,,,,,,,,,,,,,,,,,,,,,,,,,,,,,,,,,,0.03,,,,,,,,,,0.01,,,0.0,0.02,,,,,,,,,,,,,,,,,,,,,,,,,,,15.66,,0.27,0.87,3.9,3.01,39.41,,,,,,,,,,,,,,,,,,,,,,,,0.01,,,,,,,,0.1,,,,,,,,,,,,,,,,,,,,,,,,
Changdoushi_540300,,,,,,,,,,,,,,,,,,,,,,,,,,,,,,,,,,,,,,,,,,,,,,,,,,,,,,,,,,,,,,,,,,,,,,,,,,,,,,,,,,,,,,,,,,,,,,,,,,,,,,,,,,,,,,,,,,,,,,,,,,,,,,,,,,,,,,,,,,,,,,,,,,,,,,,,,,,,,,,,,,,,,,,,,,,,,,,,,,,,,,,,,,,,,,,,,,,,,,,,,,,,,,,,,,,,,,,,,,,,,,,,,,,,,,,,,,,,,,,,,,,,,,,,,,,,,,0.03,,,,,0.04,,0.03,,0.01,,0.04,,,,0.06,,0.01,0.02,10.02,0.03,,,,,,,,,,,,,0.02,,0.09,,,,,,,0.04,,0.05,2.98,1.11,0.18,,11.81,0.1,5.61,,,,,,,,,,,,,,,,,,,,,,,,,,,,,,,,13.72,,,,,,,,,,,,,,,,,,,,,,,,,
Linzhishi_540400,,,,,,,,,,,,,,,,,,,,,,,,,,,,,,,,,,,,,,,,,,,,,,,,,,,,,,,,,,,,,,,,,,,,,,,,,,,,,,,,,,,,,,,,,,,,,,,,,,,,,,,,,,,,,,,,,,,,,,,,,,,,,,,,,,,,,,,,,,,,,,,,,,,,,,,,,,,,,,,,,,,,,,,,,,,,,,,,,,,,,,,,,,,,,,,,,,,,,,,,,,,,,,,,,,,,,,,,,,,,,,,,,,,,,,,,,,,,,,,,,,,,,,,,,,,,,,,0.02,,,,,,0.02,,,,0.01,,,,0.01,,,,0.31,,,,,,,,,,,,,,0.01,,0.07,,,,,,,,,2.01,0.09,22.1,4.16,23.45,,8.14,1.76,0.52,,,,,,,,,,,,,,,,,,,,,,,,,,,,,,,,0.03,,,,,,,,,,,,,,,,,,,,,,,,
Shannanshi_540500,,,,,,,,,,,,,,,,,,,,,,,,,,,,,,,,,,,,,,,,,,,,,,,,,,,,,,,,,,,,,,,,,,,,,,,,,,,,,,,,,,,,,,,,,,,,,,,,,,,,,,,,,,,,,,,,,,,,,,,,,,,,,,,,,,,,,,,,,,,,,,,,,,,,,,,,,,,,,,,,,,,,,,,,,,,,,,,,,,,,,,,,,,,,,,,,,,,,,,,,,,,,,,,,,,,,,,,,,,,,,,,,,,,,,,,,,,,,,,,,,,,,,,,,,,,,,,,,,,,,,,,0.02,,0.01,,,,0.04,,,0.02,,,,,,,,,,,,,,,,,,,,,,,,,,,0.04,25.09,6.63,0.27,9.93,,2.73,5.29,,,,,,,,,,,,,,,,,,,,,,,,,,,,,,,,0.09,,,,,,,,,,,,,,,,,,,,,,,,
Naqushi_540600,,,,,,,,,,,,,,,,,,,,,,,,,,,,,,,,,,,,,,,,,,,,,,,,,,,,,,,,,,,,,,,,,,,,,,,,,,,,,,,,,,,,,,,,,,,,,,,,,,,,,,,,,,,,,,,,,,,,,,,,,,,,,,,,,,,,,,,,,,,,,,,,,,,,,,,,,,,,,,,,,,,,,,,,,,,,,,,,,,,,,,,,,,,,,,,,,,,,,,,,,,,,,,,,,,,,,,,,,,,,,,,,,,,,,,,,,,,,,,,,,,,,,,,,,,,,,,,,,,,,,0.01,,0.02,,,,,,0.02,,,0.02,0.03,,,,,,,,,,,,,,,,,,,,,,,,,,,13.42,1.69,5.17,0.34,0.33,,14.28,,,,,,,,,,,,,,,,,,,,,,,0.06,0.02,0.02,0.02,0.02,,,,2.19,2.62,,,,,,,,,,,,,,,,,,,,,,,0.01,
Alidiqu_542500,,,,,,,,,,,,,,,,,,,,,,,,,,,,,,,,,,,,,,,,,,,,,,,,,,,,,,,,,,,,,,,,,,,,,,,,,,,,,,,,,,,,,,,,,,,,,,,,,,,,,,,,,,,,,,,,,,,,,,,,,,,,,,,,,,,,,,,,,,,,,,,,,,,,,,,,,,,,,,,,,,,,,,,,,,,,,,,,,,,,,,,,,,,,,,,,,,,,,,,,,,,,,,,,,,,,,,,,,,,,,,,,,,,,,,,,,,,,,,,,,,,,,,,,,,,,,,,,,,,,,,,,,,,,,,,,,,,,,,,,,,,,,,,,,,,,,,,,,,,,0.4,4.93,,,0.02,1.48,,,,,,,,,,,,,,,,,,,,,,,,,,,,,,,,,0.03,,,,,,,,,,,,,0.02,,0.19,0.02,,,,,,,,
Xianshi_610100,0.52,0.34,0.4,0.16,0.13,0.73,0.31,0.29,0.3,0.06,0.3,0.2,0.22,0.78,0.64,0.62,1.1,1.19,0.64,0.79,9.6,0.51,3.41,1.22,0.52,0.69,0.56,0.11,0.08,0.84,0.16,0.69,0.33,0.06,0.12,0.55,0.08,0.24,0.09,0.06,0.03,0.06,0.06,0.08,0.02,,0.02,0.02,0.15,0.14,0.09,0.08,0.06,0.05,0.09,0.07,,0.03,0.16,0.14,0.06,0.15,0.07,,0.18,0.06,0.06,0.19,0.28,0.09,0.1,,0.33,0.17,0.17,0.3,0.12,0.2,0.2,0.17,0.14,0.13,0.12,0.08,0.16,0.1,0.18,0.17,0.21,0.08,0.08,,,,0.11,0.17,0.1,0.18,0.13,0.17,0.12,0.13,0.17,0.09,0.15,0.07,0.08,0.31,0.35,0.15,0.25,0.15,0.08,0.18,0.16,0.12,0.04,0.18,0.04,0.09,0.06,0.19,0.16,0.11,0.06,0.12,0.05,0.14,0.12,,0.12,0.18,0.08,0.18,0.17,0.12,0.15,0.18,0.19,0.18,0.32,0.17,0.25,0.07,0.23,0.13,0.29,0.1,0.48,0.55,0.52,1.98,0.59,0.43,0.33,0.64,0.95,0.41,0.67,0.41,6.88,2.31,0.55,0.65,0.53,0.74,0.63,0.11,0.07,3.97,0.23,0.72,0.12,0.27,0.17,0.25,0.18,0.14,0.29,0.14,0.12,0.14,0.56,,0.12,0.08,0.05,0.12,0.1,0.11,0.12,0.2,0.06,0.09,0.07,0.13,0.11,0.07,0.08,0.03,0.15,0.1,0.04,0.04,,0.09,0.03,0.02,,,,,0.04,0.03,0.07,,0.04,,,0.07,0.05,0.12,0.04,0.08,0.08,,0.04,,,0.03,,,0.03,0.12,0.29,,0.13,0.09,0.09,0.13,0.07,0.05,0.06,0.06,0.14,0.04,,0.03,0.12,0.16,,0.07,0.77,0.46,0.17,0.06,0.18,0.24,0.49,1.39,0.3,0.15,0.23,0.79,0.18,0.27,0.25,0.84,0.18,1.97,0.14,0.21,0.03,0.12,0.12,0.05,0.16,0.08,0.05,0.05,0.03,0.06,0.06,0.1,0.04,0.05,0.09,0.11,0.19,0.07,0.04,0.04,0.03,0.05,0.19,0.14,0.11,,0.04,0.49,0.3,0.23,0.65,0.12,,2.11,,38.13,39.47,60.75,55.85,33.16,25.67,14.53,35.71,65.49,1.89,0.77,1.01,1.08,8.2,1.11,1.71,9.85,1.14,19.4,1.52,3.58,0.67,0.38,1.06,0.48,0.27,0.11,0.24,0.08,0.3,0.91,1.15,0.35,0.65,2.37,0.87,0.51,0.37,0.06,0.36,0.09,0.15,0.44,0.46,0.12,0.39,0.63,0.15,0.03,0.08,0.05,,0.17,0.03,0.07
Tongchuanshi_610200,,,,,,,,,,,,,,,,,,,,,0.12,,0.06,,0.04,0.05,0.04,,,0.04,,0.04,,,,,,,,,,,,,,,,,,,,,,,,,,,,,,,,,,,,,,,,,,,,,,,,,,,,,,,,,,,,,,,,,,,,,,,,,,,,,,,,,,,,,,,,,,,,,,,,,,,,,,,,,,,,,,,,,,,,,,,,0.07,,,,,,,,,0.17,,,,,,0.04,,,0.1,,,,,,,,,,,,,,,,,,,,,,,,,,,,,,,,,,,,,,,,,,,,,,,,,,,,,,,,,,,,,,,,,,,,,,,,,,,,,,,,,0.03,,,,,,0.02,,,0.04,,,,,,,,,,0.04,,0.01,,,,,,,,,,,,,,,,,,,,,,,,,,,,,,,,,,,2.58,,0.64,2.23,4.1,5.28,0.45,0.85,0.27,0.64,0.03,,0.01,,0.06,,,0.1,,0.44,,0.05,0.03,,,,,,,,,,0.03,0.02,,0.03,,,,,,,,,,,,,,,,,,,,
Baojishi_610300,0.08,,,,,,,,,,,,,0.05,,0.04,0.04,0.13,0.06,0.05,0.39,0.03,0.23,0.07,,0.05,0.11,,0.03,,,0.17,,,,0.13,,,,,,,,,,,,,,,,,,,,,,0.03,,,,,,,,,,,,,,,,,,,,0.07,,0.04,,,,,,,,,,,,,,,,,,,,,,,0.02,,,,,,,,,,,,,,,,,,0.02,,,,,,,,,,,,,,,,,,,,,,,,,,,,,0.05,0.04,0.21,0.05,,,0.06,,,0.06,,0.4,0.19,,,,,0.07,,,0.17,,0.1,,0.04,,,,,,,0.07,0.05,,,,,,,,,,,,,,,,,,,,,,,,,,,,,,,,,,,,,,,,,,0.04,,,,,,,,,,,,,0.02,,,,,,,,,,,,,,,,0.11,0.07,,,0.02,0.08,0.06,0.35,0.04,0.02,0.02,0.08,0.02,0.04,0.04,0.08,,0.39,0.03,0.06,,0.05,,,,,,,,,,,,0.02,,,,0.02,,0.03,,,0.05,,,,0.02,0.03,0.09,,0.04,0.02,0.04,0.26,12.28,3.69,,10.48,3.05,1.52,8.4,0.65,2.11,1.74,0.52,0.1,0.15,0.24,9.0,0.21,0.15,9.69,0.1,1.67,0.43,5.98,0.14,0.21,0.14,0.06,,,,0.08,,0.17,0.25,0.11,0.18,0.58,0.19,0.05,0.06,,0.12,0.02,,0.11,0.06,,0.06,,0.03,,0.02,0.03,,,0.01,
Xianyangshi_610400,,,0.06,,,0.07,0.05,,0.03,,0.06,,,0.07,0.04,0.06,0.08,0.17,0.02,0.1,1.02,0.07,0.39,0.11,0.08,0.07,0.09,,0.04,0.13,,0.09,0.01,0.01,0.06,0.13,0.03,0.06,,0.04,,,,0.03,0.02,,0.04,,0.03,0.03,,0.02,,,,,0.02,,,,,,,0.03,0.11,0.06,,,,,,,,,0.05,0.09,,0.09,0.05,,0.04,,,,0.03,,,,,,,,,,,,,0.04,,,0.03,0.03,0.05,,,,,,0.05,0.04,,,,,0.04,0.06,,,0.04,,,,,0.08,,,,,,,,,,0.04,,0.03,,0.04,0.05,,0.11,0.04,,0.03,,0.03,0.04,,0.11,0.1,0.09,0.28,0.11,0.09,0.03,0.07,0.12,0.06,0.09,0.07,0.84,0.52,0.16,,0.11,0.11,0.06,0.03,0.07,0.39,0.12,0.11,,0.16,,0.06,,,0.06,0.08,,,0.09,,,,,0.05,,,0.04,,,,,,,0.04,,0.03,,,,,,0.04,,,,,,,,,,,,,0.01,,,,,,,,0.02,,,,,,,0.02,0.09,,,,0.1,0.02,,0.03,,,0.03,0.02,,0.06,0.07,,,,0.17,0.07,0.03,,0.04,0.09,0.13,0.24,0.09,0.05,0.02,0.15,0.02,0.06,0.03,0.17,0.05,0.46,0.01,0.01,0.04,,,,,,,,,,,0.03,0.02,,,0.03,0.04,0.02,0.06,,0.03,,,,,,,0.3,0.03,0.07,0.08,0.1,0.04,1.58,26.69,14.87,19.93,,8.2,4.62,5.26,1.74,4.56,5.45,0.41,0.27,0.24,0.32,1.56,0.34,0.32,6.4,0.39,8.93,0.35,0.67,0.14,0.09,0.34,0.11,,0.13,0.13,0.08,,0.72,0.33,0.14,0.22,0.87,0.32,0.13,0.27,0.02,0.31,0.05,0.08,0.27,0.39,0.02,0.37,0.43,0.13,0.04,0.1,0.03,0.05,0.05,,
Weinanshi_610500,0.1,0.09,0.1,,,0.1,0.07,0.08,0.04,0.02,0.09,0.05,0.05,0.14,0.09,0.18,0.3,0.55,0.08,0.18,7.45,0.19,1.75,0.25,0.05,0.07,0.07,,,0.22,,0.06,0.03,,0.05,0.1,,,,,,,,,,,,,,,,,,,,,0.02,0.09,,,,0.07,,0.03,,,,,0.07,,,,,,,0.07,,0.16,0.05,0.05,0.03,,0.03,,,0.03,,,,,,,,,,,0.05,,0.04,,,,,,0.04,,,0.07,,,0.05,,0.03,,,,,,,,,0.06,,,,,,,,,,,,0.03,0.04,0.03,0.04,0.02,,0.05,0.07,0.04,0.08,0.09,0.06,0.05,0.07,0.03,0.1,0.1,0.1,0.56,0.1,0.08,0.05,0.14,0.26,0.05,0.17,0.06,3.81,0.29,0.11,,0.09,0.07,0.34,,,0.24,,0.07,,0.06,,,,,,,,,,,,,,,,,,,,,,,,0.04,,,,,,,,,,,,,,,,,,,,,,,,,,,0.04,,,,,,,,,,,,,,,,,,,,,,,,,,,,0.14,0.06,0.03,0.03,0.04,0.05,0.12,0.28,0.03,0.05,0.04,0.14,0.02,0.05,,0.17,0.02,0.27,0.01,0.04,0.01,,,0.02,,,,,,,,,,,0.02,,0.04,,0.03,,,,0.07,,,,0.02,0.09,0.03,,0.08,0.12,,0.26,17.9,19.49,4.43,5.69,,8.05,3.12,2.09,2.81,6.07,0.24,0.1,0.11,0.18,0.61,0.11,0.13,0.38,0.18,1.03,0.17,0.46,0.1,0.05,0.12,0.05,0.04,,0.01,0.08,,0.1,0.13,0.05,0.07,0.13,0.18,0.07,0.05,0.02,0.07,,,,0.03,,0.04,0.02,0.01,,0.04,0.02,0.14,,,
Yananshi_610600,,,,,,0.09,0.05,,,,,,,0.07,0.04,0.04,0.19,0.3,0.05,0.18,1.84,0.12,3.44,0.83,0.14,0.44,0.35,,,0.71,,0.22,0.05,,,0.35,,,,,,,,,,,,,,,,,,,0.02,,,,,,,,,,,,,,,,,,,,,,,,,,,,,,,,,,,,,,,,,,,,,,,,0.04,,,,,,,,,,,,,,,,,,,,,,,,,,,,,,,,,,0.04,,,,0.05,,,,,,0.05,,,0.04,,0.13,0.08,0.05,0.04,0.09,0.09,0.07,,,0.25,0.14,,,,,0.24,,,0.08,,,,,,,,,,0.06,,,,,,,,,,,,,,,,,,,,,,,,,,,,,,,,,,,,,,,,,,,,,,,,,,,,,,,,,,,,,,,0.02,,,,,,,,,,,,,0.02,,0.04,0.03,0.08,,,0.02,0.04,,,,0.1,,0.06,,0.0,,,,,,,,,,,,,,,,,,,,,,,,,,,,,,,,,,,3.35,8.14,2.07,1.9,5.14,,1.2,12.88,1.02,1.06,0.07,0.02,0.05,0.09,0.16,0.2,0.1,0.31,,7.03,0.03,0.08,0.03,0.04,0.05,,,,0.03,,,0.04,0.77,0.26,0.52,0.13,0.16,0.02,,0.04,0.14,0.01,,,,,,,,,,,,,,
Hanzhongshi_610700,,,,,,,,,,,,,,0.05,,0.04,,0.11,0.1,0.06,0.3,0.02,0.17,0.08,,,0.03,,,0.05,,,0.01,,0.03,,,,,0.01,,,,,,,,,,,,,,,,,,,,,,,,,,,,,,,,,,,,,,,,,,,,,,,,,,,,,,,,,,,,,,,,0.02,,,,,,,,,,,,,,,,,,,,,,,,,,,,,,,,,,,,,,,,,,,,,,0.04,,0.13,,,,0.05,,,,,0.2,0.14,,,,,0.06,,,0.39,0.05,0.1,,,,,,,0.06,,,,,,,,,,,,,,,,,,,,,,,,,,,,,,,,,,,,,,,,,,,,,,,,,,,,,,,,,,,,,,,,,,,,,,,,,,0.26,0.24,0.03,0.06,0.04,0.23,0.47,4.2,0.07,0.06,0.15,0.38,0.09,0.07,0.12,0.87,0.16,5.18,0.02,0.07,0.03,0.12,,0.02,,,,,,,,,,,,0.03,,,,,,,,0.03,,,,0.03,0.03,0.03,,,,,3.95,2.28,6.54,2.07,1.21,0.67,,0.37,14.06,1.13,0.24,,,0.09,0.74,0.03,0.04,0.13,0.05,0.22,0.19,8.62,0.04,0.21,0.11,0.06,,,0.04,,,0.09,0.07,0.02,0.06,0.11,0.08,,,,0.04,0.04,,,0.02,0.02,,0.05,0.01,,,0.04,,0.05,,
Yulinshi_610800,,0.09,0.86,0.09,0.08,0.42,0.47,0.25,0.11,0.03,0.28,0.05,0.1,0.39,0.69,3.17,0.4,0.92,0.73,1.11,1.04,10.46,2.13,9.28,0.6,1.66,1.46,0.06,,19.35,0.2,0.79,0.27,,0.13,0.54,,,0.03,0.01,,0.05,,0.06,0.02,0.01,0.06,0.03,0.05,0.12,,0.02,0.01,0.02,0.02,,,0.01,0.07,0.07,,0.07,,,0.11,,,,,,0.03,,,,,,,,,0.05,,,,,,,,,,,,,,,,,,,,,,,,,,,,,,,,,,,,,,,,,,,,,,,,,,,,,,0.03,,0.04,,0.03,,,0.11,0.13,,0.05,0.08,0.06,0.32,0.07,0.07,,0.06,0.17,0.07,0.29,,0.08,0.23,0.08,0.06,,0.15,0.3,,,,,0.29,,,0.1,,,,0.13,,,,,,,,,,,,,,,,,,,,,,,,0.03,,,,,,,,,,,,,,,,,,,,,,,,,,,,,,,,,,,,,,,,,,,,,0.04,,,0.02,,,,,,,,,,0.02,,0.02,0.02,,,0.02,0.03,,0.01,0.02,,0.12,0.03,0.08,,0.0,,0.03,,,,,,,,,,,,,,,,0.03,,,,,,,0.05,,,,,,,,,,2.04,2.18,0.81,0.86,0.93,24.02,0.74,,0.67,0.46,0.21,0.07,0.13,0.57,0.12,0.14,0.33,0.23,0.28,4.38,0.15,0.07,0.09,0.04,0.15,0.09,0.09,0.08,0.06,,,0.4,2.57,0.76,3.79,0.46,1.07,,0.06,,0.33,,,,0.03,,,0.02,0.01,,,0.01,,,0.01,
Ankangshi_610900,,,,,,0.08,0.05,,0.04,0.04,,,,0.04,0.03,0.09,0.07,0.07,0.06,0.04,0.23,0.1,0.13,0.05,,0.06,0.05,,,0.04,,,,,0.03,,,,,,,,0.03,,,,,,,,,,,,,,,,,,,,,,,,,,,,,,,,,,,,,,,,,,,,,0.1,,,,,,,,,,,,,,,,,,,,,,,,,,,,0.05,,,,,,,,,,,,,,,,,,,,,,,,,,,,,,,,,,,,0.11,0.08,,,,,,0.05,,0.26,0.29,,,,0.12,,0.03,,6.72,0.07,0.47,,0.09,0.04,,,0.07,0.15,,,,,,,,,,,,,,,,,,0.03,,,,,,,,,,,0.02,,,,,,,,,,,,,,,,,,,,,,,,,,,,,,,,0.02,,,,,,0.02,,,,,,,0.33,0.07,0.03,0.02,0.03,0.04,0.05,0.15,0.07,0.01,0.03,0.09,0.03,0.02,0.09,1.18,0.04,0.22,0.03,0.01,0.02,,,,,0.03,,,,,,,,,,0.05,,,0.04,,,,,,,,,,0.03,,,,,,4.59,1.57,1.65,2.06,1.35,0.7,11.93,0.27,,4.37,0.04,0.01,,0.04,0.1,0.05,0.06,0.11,0.02,0.14,0.04,0.23,,0.02,0.03,0.01,0.02,,,,,,0.04,,0.04,0.07,0.02,,,,0.04,0.01,0.02,0.04,,,0.02,0.05,,,0.02,,,,,
Shangluoshi_611000,,,,,,,,,,,,,,,,,,0.05,,0.04,0.45,0.05,0.18,0.03,,,0.04,,,0.05,,0.09,,,,0.03,,,,,,,,,,,,,,,,,,,,,,,,,,,,,,,,,,,,,,,,,,,,,,,,,,,,,,,,,,,,,,,,,,,,,,,,,,,,,,,,,,,,,,,,,,,,,,,,,,,,,,,,,,,,,,,,,,,,0.1,0.05,,,,,,0.06,,1.39,1.71,,,,,0.09,,,2.42,,0.21,,,,,,0.06,0.06,,,,,,,,,,,,,0.04,,,,,,,,,,,,,,,,,,,,,,,,,,,,,,,,,,,,,,,,,,,,,,,,,,,,,,,,,,,,,,,,,,,,0.04,,,,0.03,,,,0.18,,0.05,,0.02,,,,,,,,,,,,,,,,,,,,,,,,,,,,,,,,,,,9.19,2.41,1.92,3.36,4.28,0.73,1.21,0.3,6.41,,0.04,0.01,0.03,0.02,0.09,0.09,0.07,0.1,0.04,0.25,0.03,0.09,0.05,,0.06,,0.02,0.05,,,,0.06,0.03,0.02,0.06,0.04,0.09,,,,0.09,,,,0.06,0.02,,,,,0.02,,,,,
Lanzhoushi_620100,,,0.04,,0.05,,,,0.03,,0.07,,,0.04,0.02,,0.05,,0.01,0.02,0.18,0.03,0.09,0.14,0.09,0.11,0.27,,,0.15,,0.27,0.03,,,0.75,,,,,,0.03,,,,,,,,,,,,,,,,,,,,,,,,,,0.09,,0.04,,,,,,,,,,0.06,,,0.03,,,,,,,,,,,,,,,,,,,,,,,,,,,,,,,,0.04,,,,,,,,0.09,,,,,,,,,,,,,,,,,,,,,0.03,0.05,,,,0.06,0.06,0.07,0.13,0.04,,,,,,,,0.15,0.13,0.07,,0.07,0.08,,,,,,,,,,,,,0.11,,0.07,,0.12,,,,,,,,,0.07,,,,,,,,,,,,,,,,,,,,0.02,,,,,,,,,,,,,0.09,,,,,,,,,0.02,0.06,,,,0.21,,0.05,0.07,0.02,,0.07,,,,,,,,0.14,0.11,0.03,0.03,,0.07,0.08,0.3,0.08,0.03,0.02,0.16,0.04,0.05,0.06,,0.02,,0.01,0.18,0.01,0.05,,,0.04,,,,,,,,,,,,0.03,,,,,,,,,0.02,,0.4,0.21,0.07,0.13,0.05,0.04,0.26,0.41,0.09,0.56,0.25,0.17,0.2,0.49,0.33,0.2,0.12,,3.16,12.11,48.57,16.7,33.18,13.74,12.01,6.84,6.03,37.31,9.62,43.18,25.92,3.32,7.85,1.2,0.49,1.13,0.44,0.68,2.35,0.91,0.35,0.53,1.08,1.51,0.38,0.07,0.1,1.23,0.12,0.06,0.22,0.15,0.02,0.4,0.16,0.12,0.06,0.19,0.15,0.02,0.41,0.05,
Jiayuguanshi_620200,,,,,,,,,,,,,,,,,,,,,,,,,,,0.02,,,,,0.02,,,,0.83,,,,,,,,,,,,,,,,,,,,,,,,,,,,,,,,,,,,,,,,,,,,,,,,,,,,,,,,,,,,,,,,,,,,,,,,,,,,,,,,,,,,,,,,,,,,,,,,,,,,,,,,,,,,,,,,,,,,,,,,,,,,,,,,,,,,,,,,,,,,,,,,,,,,,,,,,,,,,,,,,,,,,,,,,,,,,,,,,,,,,,,,,,,,,,,,,,,,,,,,,,,,,,,,,,,,,,,,,,,,,,,,,,,,,,,,,0.01,,,0.0,,,,,,,,,,,,,,,,,,,,,,,,,,,,,,,,,,,,,0.04,,,,,,,,0.72,,1.82,0.29,0.16,2.06,14.86,0.22,46.02,0.05,0.19,0.14,0.19,0.05,0.18,0.06,0.32,,0.01,0.08,,0.14,0.03,,0.02,,0.03,0.05,0.02,0.06,1.47,0.03,0.02,0.04,,,,,,,,,,0.05,,
Jinchangshi_620300,,,,,,,,,,,,,,,,,,,,,,,,,,,0.07,,,,,0.09,,,,2.8,,,,,,,,,,,,,,,,,,,,,,,,,,,,,,,,,,,,,,,,,,,,,,,,,,,,,,,,,,,,,,,,,,,,,,,,,,,,,,,,,,,,,,,,,,,,,,,,,,,,,,,,,,,,,,,,,,,,,,,,,,,,,,,,,,,,,,,,,,,,,,,,,,,,,,,,,,,,,,,,,,,,,,,,,,,,,,,,,,,,,,,,,,,,,0.04,,,,,,,,,,,,,,,,,,,,0.03,,,,,,,,,,,,,,,,0.01,,,,,,,,,,,0.0,,,,,,,,,,,,,,,,,,,,0.03,,,,,,,,,,,,,,,,,,,,,,,,,1.45,1.26,,0.5,0.14,17.2,6.45,0.12,0.88,0.07,0.27,0.06,0.27,0.14,0.04,0.01,0.09,,0.04,,,0.12,0.08,0.02,0.06,0.04,0.11,,0.02,,0.26,0.01,0.02,0.04,,,,,,,0.04,,,,0.01,
Baiyinshi_620400,,,,,,,,,,,,,,,,,,,,,,,,,0.03,0.05,0.2,,,0.18,,0.21,0.02,,,4.62,,,,0.02,,,,,,,,,,,,,,,,0.02,,,,,,,,,,,,,,,,,,,,,,,,,,,,,,,,,,,,,,,,,,,,,,,,,,,,,,,,,,,,,,,,,,,,,,,,,,,,,,,,,,,,,,,,,,,,,,,,,,,,,,,,,0.05,,,,,,,,,,,,,,,,,,,,,,,,,,,,,,,,,,,,,,,,,,,,,,,,,,,,,,,,,,,,,,,,,,,,,,,,,,,,,,,,,,,,,,,,,,0.03,,,0.02,,,,,,0.05,,,,,,,,,,,,,,,,,,,,,,,,,,,,,,,,,,,,,,,,0.05,0.06,,,,,,0.14,0.05,0.14,0.06,0.04,0.05,,0.25,,,13.74,0.56,2.28,,1.9,5.09,2.02,3.36,1.17,0.75,5.96,0.76,2.22,0.75,0.49,0.19,0.16,0.02,0.11,,0.15,1.02,0.68,0.22,0.51,1.81,5.3,0.07,0.09,,0.29,0.02,,0.08,0.03,0.05,0.03,0.02,,0.01,0.04,0.03,0.02,0.17,0.05,
Tianshuishi_620500,,,,,,,,,,,,,,,,,,,0.02,,0.12,,0.06,,,,0.08,,,0.05,,0.09,0.04,,,0.11,,,,,,,,,,,,,,,,,,,,,,,,,,,,,,,,,,,,,,,,,,0.05,,,,,,,,,,,,,,,,,,,,,,0.03,,,,0.02,,,,,,,,,,,,,,,,,,,,,,,,,,,,,,,,,,,,,,,,,,,,,,,,0.09,,,,,,,,,0.08,,,,,,,,,0.08,,,,,,,,,,,,,0.04,,,,,,,,,,,,,,,,,,,,,,,,,,,,,,,,,,,,,,,,,,,,,,,,,,,,,,,,,,,0.05,,,,,,,,,,,,0.04,0.01,,,0.01,0.04,0.16,0.03,,,0.03,0.02,,0.02,,0.01,0.07,0.04,0.04,,,,,,,,,,,,,,,,,,,,,,,,,,,,0.07,0.03,0.07,,0.02,0.27,0.26,0.72,0.1,3.84,0.33,0.23,0.13,0.65,,0.16,0.1,8.66,0.46,0.98,3.18,,1.37,1.28,11.17,0.92,1.34,11.83,26.29,1.63,1.21,0.44,0.18,,,0.18,,,0.36,0.24,0.11,0.17,0.84,0.18,0.13,0.06,,0.19,0.05,0.02,0.04,0.1,,0.04,0.05,0.05,0.0,0.06,0.02,0.02,,,
Wuweishi_620600,,,,,,,,,,,,,,,,,,,,,,,,,0.03,,0.23,,,0.1,,0.24,,,,6.41,,,,,,,,,,,,,,,,,,,,,,,,,,,,,,,,,,,,,,,,,,,,,,,,,,,,,,,,,,,,,,,,,,,,,,,,,,,,,,,,,,,,,,,,,,,,,,,,,,,,,,,,,,,,,,,,,,,,,,,,,,,,,,,,,,,,,,,,,,,,,,,,,,,,,,,,,,,,,,,,,,,,,,,,,,,,,,,,,,,,,,,,,,,,,,,,,,,,,,,,,,,,,,,,,,,,,,,,,,,,,,,,,0.04,,,,,,,,,,0.01,0.02,,,,,,,,,,,,,,,,,,,,,,,,,,,,0.09,,0.11,,,,,0.06,0.01,0.09,0.03,,0.04,,0.07,,,6.3,2.61,49.81,3.14,0.72,,10.0,0.47,2.99,0.56,0.77,0.47,1.17,0.72,0.52,1.19,0.64,0.08,0.19,0.08,,0.42,0.33,0.09,0.15,0.16,0.6,0.2,0.11,0.16,0.94,0.18,,0.17,0.21,0.02,0.11,,0.06,0.01,0.06,0.01,,0.05,0.07,0.07
Zhangyeshi_620700,,,,,,,,,,,,,,,,,,,,,,,,,,,0.13,,,0.04,,0.06,,,,2.43,,,,,,,,,,,,,,,,,,0.01,,,,,,,,,,,,,,,,,,,,,,,,,,,,,,,,,,,,,,,,,,,,,,,,,,,,,,,,,,,,,,,,,,,,,,,,,,,,,,,,,,,,,,,,,,,,,,,,,,,,,,,,,,,0.05,,,,,,,,,,,,,,,,,,,,,,,,,,,,,,,,,,,,,,,,,,,,,,,,,,,,,,,,,,,,,,,,,,,,,,,,,,,,,,,,,,,,,,,,,,,,,,,0.02,,0.02,,,,,,,,,,,,,,,,,,,,,,,,,,,,,,,,,,,,,,,,,,0.09,0.12,,,,0.04,,0.06,0.05,0.04,0.03,,,0.08,,,,2.23,12.77,13.61,0.92,0.6,7.87,,0.28,15.0,0.17,0.53,0.41,0.61,0.31,0.5,0.16,5.59,0.02,0.08,,,0.26,0.11,0.04,0.08,0.2,0.19,0.13,0.05,0.22,2.05,0.08,0.02,0.25,0.16,0.02,0.04,0.24,0.06,0.01,0.06,0.05,,,0.07,
Pingliangshi_620800,,,,,,,,,,,,,,,,,,,,,0.1,,,,,,0.24,,,0.07,,0.11,,,,0.25,,,,,,,,,,,,,,,,,,,,,,,,,,,,,,,,0.09,,,,,,,,,,,,,,,,,,,,,,,,,,,,,,,,,,,,,,,,,,,,,,,,,,,,,,,,,,,,,,,,,,,,,,,,,,,,,,,,,,,,0.07,,,,,,,,,0.08,,,,,,,,,,,,,,,,,,,,0.04,,,,,,,,,,,,,,,,,,,,,,,,,,,,,,,,,,,,,,,,,,,,,,,,,,,,,,,,,,,,,,,,,,,,,,,,,,,,,,0.02,,,,,,,,,,0.02,,0.01,0.02,,,,,,,,,,,,,,,,,,,,,,,,,,,,0.05,0.03,0.03,,0.02,,,0.66,0.13,2.39,0.89,0.1,0.26,0.18,0.12,0.17,0.07,3.75,0.3,1.01,2.95,7.97,0.76,0.52,,0.33,14.45,2.47,0.82,0.81,0.41,0.17,0.12,0.09,0.02,0.11,,,0.29,1.01,0.26,0.47,14.36,0.91,0.06,0.07,,0.12,0.01,,0.07,0.1,,0.02,,,0.0,0.02,0.02,,0.05,0.01,
Jiuquanshi_620900,,,,,,,,,,,,,,,,,,,,,,,,0.02,,,0.04,,,,,0.06,,,,2.74,,,,,,,,,,,,,,,,,,,,,,,,,,,,,,,,,,,,,,,,,,,,,,,,,,,,,,,,,,,,,,,,,,,,,,,,,,,,,,,,,,,,,,,,,,,,,,,,,,,,,,,,,,,,,,,,,,,,,,,0.04,,,,0.05,,0.11,,,,,,,,,,,,,,,,,,,,,,,,,,,,,,,,,,,,,,,,,,,,,,,,,,,,,,,,,,,,,,,,,,,,0.02,,,,,,,,,,,,,,,,0.03,,,,,,,,,,,0.03,,0.02,0.03,0.06,0.02,0.03,,0.06,,,,,,,,,,,,,,,,,,,,,,,,,,,,,,,,,,,,0.03,,0.03,,,0.04,,0.04,0.03,0.05,0.04,0.04,0.03,,0.06,,,1.11,69.97,1.82,0.43,0.44,3.08,20.95,0.14,,0.07,0.49,0.64,0.43,0.17,0.23,0.1,0.3,0.05,0.16,,,5.15,0.06,0.02,0.06,0.11,0.39,0.28,0.14,0.6,16.86,0.3,0.11,0.44,0.41,0.05,0.33,0.02,0.15,0.08,0.13,0.1,0.05,0.05,0.09,
Qingyangshi_621000,,,,,,,,,,,,,,,,,0.04,,,,0.12,,,0.03,,0.03,0.39,,,0.26,,0.04,,,0.02,0.17,,,,,,,,,,,0.02,,,,,,,,,,,,0.04,,,0.07,,,,,,,,,,,,,,,,,,,,,,,,,,,,,,,,,,,,,,,,,,,,,,,,,,,,,,,,,,,,,,,,,,,,,,,,,,,,,,,,,,,,,,,,,,,,,,,,,,,,,,,,,,,,,,,,,,,,,,,,,,,,,,,,,,,,,,,,,,,,,,,,,,,,,,,,,,,,,,,,,,,,,,,,,,,,,,,,,,,,,,,,,,,,,,,,,,,,,,,,,,,,,,,,0.03,,,,,,,,,,,,,,,,,,,,,,,,,,,,,,0.03,,,0.04,,,,0.99,0.26,0.52,1.13,0.16,3.68,0.17,1.3,0.12,0.12,2.02,0.21,0.51,0.96,0.91,0.38,0.36,13.97,0.3,,0.45,0.46,0.17,0.35,0.09,0.05,0.02,,,,,0.09,1.05,0.16,2.59,4.31,0.48,0.04,0.02,0.02,,,,0.05,0.02,,0.04,0.08,0.02,,,0.01,0.02,,,
Dingxishi_621100,,,,,,,,,,,,,,,,,,,,,,,,,,0.03,0.08,,,0.06,,0.18,,0.01,,0.03,,,,,,,,,,,,,,,,,,,,,0.01,,,,,,,,,,,,,,,,,,,,,,,,,,,,,,,,,,,,,,,,,,,,,,,,,,,,,,,,,,,,,,,,,,,,,,,,,,,,,,,,,,,,,,,,,,,,,,,,,,,,,,,,0.06,,,,,,,,,,,,,,,,,,,,0.04,,,,,,,,,,,,,,,,,,,,,,,,,,,,,,,,,,,,,,,,,,,,,,,,,,,,,,,,,,,,,,,,,,,,,,,,,0.03,,,,,0.03,0.06,0.03,0.01,,0.05,0.02,,,,0.02,,,0.0,0.01,,,,,,,,,,,,,,,,,,,,,,,,,,,,0.03,,0.04,0.02,,,0.18,,0.3,0.12,0.05,0.04,0.18,0.06,,0.05,15.5,0.62,1.8,8.74,12.14,1.84,1.65,3.45,0.99,0.83,,5.8,20.61,12.59,0.48,0.28,0.11,0.11,0.11,,,0.61,0.23,0.07,0.09,0.27,0.27,0.07,,0.04,0.43,0.05,0.08,0.09,0.04,0.02,0.04,0.02,0.05,0.01,0.04,0.07,0.05,,0.07,
Longnanshi_621200,,,,,,,,,,,,,,,,,,,,,,,,,,,0.04,,,,,0.05,,,,,,,,,,,,,,,,,,,,,,,,,,,,,,,,,,,,,,,,,,,,,,,,,,,,,,,,,,,,,,,,,,,,,,,,,,,,,,,,,,,,,,,,,,,,,,,,,,,,,,,,,,,,,,,,,,,,,,,,,,,,,,,,,0.05,,,,,,,,,0.06,,,,,,,,,,,,0.04,,,,,,,,,,,,,,,,,,,,,,,,,,,,,,,,,,,,,,,,,,,,,,,0.02,,,,,,,,,,,,,,,,,,,,,,,,0.15,0.13,0.03,0.07,0.02,0.11,0.31,3.09,0.12,,0.1,0.24,0.05,0.08,0.04,0.12,0.08,0.14,0.01,1.82,,0.02,,,,,,,,,,,,,,,0.03,,,,,,,,,,,,0.03,,,,,,0.2,0.05,1.74,0.12,0.04,0.04,3.87,0.05,0.22,0.06,4.7,0.26,0.46,2.51,20.96,0.61,0.9,1.69,0.57,0.46,6.38,,0.86,12.3,0.21,0.06,0.04,0.05,0.03,,0.15,0.06,0.11,0.02,0.08,0.11,0.05,0.05,0.05,0.02,0.24,0.06,,0.06,0.07,,0.02,0.08,0.01,0.02,0.04,0.04,,,,
Linxiahuizuzizhizhou_622900,,,,,,,,,,,,,,,,,,,,,,,,,,,,,,,,0.03,,,,,,,,,,,,,,,,,,,,,,,,0.02,,,,,,,,,,,,,,,,,,,,,,,,,,,,,,,,,,,,,,,,,,,,,,,,,,,,,,,,,,,,,,,,,,,,,,,,,,,,,,,,,,,,,,,,,,,,,,,,,,,,,,,,,,,,,,,,,,,,,,,,,,,,,,,0.06,,,,,,,,,,,,,,,,,,,,,,,,,,,,,,,,,,,,,,,,,,,,,,,,,,,,,,,,,,,,,,,,,,,,,,,,,,,,,0.05,,,,,,0.02,,,,,,0.32,0.01,,,,,,,,,,,,,,,,,,,,,,,,,,,0.24,0.15,0.03,0.04,0.02,0.13,,,0.01,0.05,0.02,,,,,,,17.54,0.26,1.07,3.53,1.12,2.1,1.16,0.51,0.67,0.34,15.09,0.51,,28.49,1.39,5.27,0.18,2.17,0.67,1.32,0.15,0.7,0.09,0.02,0.05,0.15,0.11,,,,0.12,,0.02,,,,,,0.02,,,,,,,
Gannanzangzuzizhizhou_623000,,,,,,,,,,,,,,,,,,,,,,,,,,,0.02,,,,,,,,,,,,,,,,,,,,,,,,,,,,,,,,,,,,,,,,,,,,,,,,,,,,,,,,,,,,,,,,,,,,,,,,,,,,,,,,,,,,,,,,,,,,,,,,,,,,,,,,,,,,,,,,,,,,,,,,,,,,,,,,,,,,,,,,,,,,,,,,,,,,,,,,,,,,,,,,,,,,,,,,,,,,,,,,,,,,,,,,,,,,,,,,,,,,,,,,,,,,,,,,,,,,,,,,,,,,,,,,,,,,,,,,0.02,0.1,,,,0.03,,,,,0.02,,,4.57,,,,,,,,,,,,,,,,,,,,,,,,,,,,,,0.07,,,,,0.04,,0.11,0.02,,0.03,0.12,,,,2.13,0.02,0.28,0.66,0.79,0.43,0.32,0.11,0.14,0.08,5.37,7.12,9.21,,0.13,0.13,0.04,5.72,0.37,5.29,0.15,,0.1,0.01,0.07,0.11,0.07,,0.01,,,,,,,,,,,,,,,,,
Xiningshi_630100,,,,,,,,,,,,,,0.04,,,,,0.03,0.03,0.08,,,0.16,0.04,0.06,0.04,,,0.07,,0.11,,,,0.29,,,,,,,,,,,,,,,,,,,,,,,,,,0.07,,,,,,0.09,,,,,,,,,,,,,,,,,,,,,,,,,,,,,,,,,,,,,,,,,,,,,,,,,,,,,,,,,,,,,,,,,,,,,,,,,,,,,,,,,,,,0.08,,,,,,,,,0.07,,,,,,,,,0.07,,,,,,,,,,,,,0.13,,,,,,,,,,,,,,,,,,,,,,,,,,,,,,,,,,,,,,,,,,,,,,,,,,,,,,,,,,,0.03,0.02,,0.04,,,,,,,,,0.07,0.02,,0.02,0.03,0.06,0.1,0.05,,0.04,0.07,0.01,,0.03,,0.02,,0.01,0.04,0.15,,,,,,,,,,,,,,,,,,,,,,,,,,,0.8,0.15,0.96,0.34,0.15,0.32,0.52,0.18,0.03,0.28,0.1,0.09,0.1,0.18,0.27,,0.06,2.64,0.4,0.73,0.86,0.88,2.1,3.35,0.56,0.79,0.35,0.89,0.29,3.12,0.85,,66.5,68.21,40.39,65.02,38.44,35.86,45.8,0.25,0.11,0.12,0.3,0.18,0.04,,0.06,0.29,0.06,,0.06,,,0.02,,0.01,,0.04,0.02,,,0.01,0.07
Haidongshi_630200,,,,,,,,,,,,,,,,,,,,,,0.02,,0.02,,,0.04,,,0.05,,0.05,,,,,,,,,,,,,,,,,,,,,,,,,,,,,,,,,,,,,,,,,,,,,,,,,,,,,,,,,,,,,,,,,,,,,,,,,,,,,,,,,,,,,,,,,,,,,,,,,,,,,,,,,,,,,,,,,,,,,,,,,,,,,,,,,,,,,,,,,,,,,,,,,,,,,,,,,,,,,,,,,,,,,,,,,,,,,,,,,,,,,,,,,,,,,,,,,,,,,,,,,,,,,,,,,,,,,,,,,,,,,,,,,,,,0.03,,,,,,,,,0.01,,,0.03,0.02,,,,,,,,,,,,,,,,,,,,,,,,,,,0.22,0.09,0.15,,0.07,0.13,,,,,0.03,,,,0.09,,,2.87,0.05,0.21,0.32,0.14,2.72,0.32,0.08,0.18,0.09,0.19,0.07,5.74,0.34,49.9,,8.67,33.97,10.32,9.25,5.07,10.28,0.04,0.04,0.05,0.05,0.13,,0.02,0.02,0.14,0.01,,,,,,,,,0.06,,,,,
Haibeizangzuzizhizhou_632200,,,,,,,,,,,,,,,,,,,,,,,,,,,0.02,,,,,,,,,,,,,,,,,,,,,,,,,,,,,,,,,,,,,,,,,,,,,,,,,,,,,,,,,,,,,,,,,,,,,,,,,,,,,,,,,,,,,,,,,,,,,,,,,,,,,,,,,,,,,,,,,,,,,,,,,,,,,,,,,,,,,,,,,,,,,,,,,,,,,,,,,,,,,,,,,,,,,,,,,,,,,,,,,,,,,,,,,,,,,,,,,,,,,,,,,,,,,,,,,,,,,,,,,,,,,,,,,,,,,,,,,,,,,,,,,,,,,0.01,,,,,,,,,,,,,,,,,,,,,,,,,,,,,,0.07,0.04,0.02,0.04,,,0.04,,,,,,,,,0.07,0.07,0.15,0.04,,0.28,3.34,0.03,0.13,,0.03,,0.17,0.02,4.64,1.02,,0.41,2.93,1.05,0.53,1.63,,,,,0.03,,0.01,,,,,,,,,,,,,,,,,
Huangnanzangzuzizhizhou_632300,,,,,,,,,,,,,,,,,,,,,,,,,,,,,,,,,,,,0.06,,,,,,,,,,,,,,,,,,,,,,,,,,,,,,,,,,,,,,,,,,,,,,,,,,,,,,,,,,,,,,,,,,,,,,,,,,,,,,,,,,,,,,,,,,,,,,,,,,,,,,,,,,,,,,,,,,,,,,,,,,,,,,,,,,,,,,,,,,,,,,,,,,,,,,,,,,,,,,,,,,,,,,,,,,,,,,,,,,,,,,,,,,,,,,,,,,,,,,,,,,,,,,,,,,,,,,,,,,,,,,,,,,,,,,,,,,,,0.13,,,,,,,,,,,,,,,,,,,,,,,,,,,,,,,,,,,,,,,,,,,,,,,,,,,0.06,,,,0.03,,0.55,2.46,2.35,3.98,0.55,,5.0,3.26,0.22,0.31,,,,,,,,,,,,,,,,,,,,,,,,
Hainanzangzuzizhizhou_632500,,,,,,,,,,,,,,,,0.04,,,,,,,,,,,0.04,,,,,0.03,,,,,,,,,,,,,,,,,,,,,,,,,,,,,,,,,,,,,,,,,,,,,,,,,,,,,,,,,,,,,,,,,,,,,,,,,,,,,,,,,,,,,,,,,,,,,,,,,,,,,,,,,,,,,,,,,,,,,,,,,,,,,,,,,,,,,,,,,,,,,,,,,,,,,,,,,,,,,,,,,,,,,,,,,,,,,,,,,,,,,,,,,,,,,,,,,,,,,,,,,,,,,,,,,,,,,,,,,,,,,,,,,,,,,,,,,,,,,,,,0.06,0.02,,,,,,,,,,,,,,,,,,,,,,,,,,,0.05,,0.15,,,0.13,,,0.03,0.04,,,,,,,,0.3,0.04,0.13,0.21,0.06,0.14,0.29,0.07,0.11,,0.11,,0.62,0.15,18.37,5.55,7.56,11.94,,17.01,6.14,6.28,0.05,,0.02,0.08,0.09,,,,,,,,,,,,,,,,,,,
Guoluozangzuzizhizhou_632600,,,,,,,,,,,,,,,,,,,,,,,,,,,,,,,,,,,,,,,,,,,,,,,,,,,,,,,,,,,,,,,,,,,,,,,,,,,,,,,,,,,,,,,,,,,,,,,,,,,,,,,,,,,,,,,,,,,,,,,,,,,,,,,,,,,,,,,,,,,,,,,,,,,,,,,,,,,,,,,,,,,,,,,,,,,,,,,,,,,,,,,,,,,,,,,,,,,,,,,,,,,,,,,,,,,,,,,,,,,,,,,,,,,,,,,,,,,,,,,,,,,,,,,,,,,,,,,,,,,,,,,,,,,,,,,,1.16,0.94,,,,,,,,,,,,,,,,,,,,,,,,,,,,,0.07,,,,,,,,,,,,,,,,,,,,,,,,,,,0.76,0.78,0.65,0.35,0.16,2.53,4.47,,5.3,0.76,,,,,0.02,,,,,,,,,,,,,,,,,,,
Yushuzangzuzizhizhou_632700,,,,,,,,,,,,,,,,,,,,,,,,,,,,,,,,,,,,,,,,,,,,,,,,,,,,,,,,,,,,,,,,,,,,,,,,,,,,,,,,,,,,,,,,,,,,,,,,,,,,,,,,,,,,,,,,,,,,,,,,,,,,,,,,,,,,,,,,,,,,,,,,,,,,,,,,,,,,,,,,,,,,,,,,,,,,,,,,,,,,,,,,,,,,,,,,,,,,,,,,,,,,,,,,,,,,,,,,,,,,,,,,,,,,,,,,,,,,,,,,,,,,,,,,,,,,,,,,,,,,,,,,,,,,,,,,,1.99,,,,,,,,,,,,,,,,,,,,,,,,,,0.04,0.21,0.06,7.99,0.04,,2.22,,,,,,,,,,,,,,,,,,,,,,,,0.27,,0.6,0.51,0.06,0.13,0.23,3.52,,4.16,,,,,,,,,,,,,,,,,,,,,,,,
Haiximengguzuzangzuzizhizhou_632800,,,,,,,,,,,,,,,,,,,,,,,,0.08,,,0.02,,,,,0.13,,,,0.03,,,,,0.02,,,,,,,,,,,,,,,,,,,,,,,,,,,,,,,,,,,,,,,,,,,,,,,,,,,,,,,,,,,,,,,,,,,,,,,,,,,,,,,,,,,,,,,,,,,,,,,,,,,,,,,,,,,,,,,,,,,,,,,,,,,,,,,,,,,,,,,,,,,,,,,0.06,,,,,,,,,,,,,,,,,,,,,,,,,,,,,,,,,,,,,,,,,,,,,,,,,,,,,,,,,,,,,,,,,,,,,,0.02,,,,0.01,0.02,0.03,0.02,,,,,,,,0.04,,,0.0,0.02,,,,,,,,,,,,,,,,,,,,,,,,,,,3.38,0.55,0.34,0.26,0.12,9.0,0.52,,,0.04,0.02,0.03,,0.1,,,,0.34,0.18,0.19,0.28,0.1,0.3,0.45,0.06,1.93,0.04,0.17,0.07,0.5,0.05,6.6,2.57,3.33,0.16,5.94,1.85,13.94,,0.03,0.01,0.04,0.07,0.16,,,,0.16,0.02,,2.76,0.05,,0.05,0.19,,,0.04,0.01,,,0.01,
Yinchuanshi_640100,0.1,,0.08,,,,0.06,0.07,0.04,,0.06,,0.04,0.07,0.09,,,,0.11,0.06,0.08,0.09,0.06,0.25,0.21,0.62,10.01,,0.03,3.52,,2.81,0.15,,0.08,16.45,,,,,,,,,,0.02,,,,,0.02,,,,,,,,0.07,,,,,,0.04,,,,,,,,,,,,,,,,,,,,,,,,,,,,,,,,,,,,,,,,,,,,,,,,,,,,,,,,,,,,,,,,,,,,,,,,,,,,,,,,,,0.05,,,,,,,,0.04,,0.09,0.04,,,0.06,,,,,,,,,,,,,,,,,,,,,,,,,,,,,,,,,,,,,,,,,,,,,,,,,,,,,,,,,,,,,,,,,,,,,,,,,,,,,,,,,,,,,0.02,,,,,,,,0.02,,0.02,,,0.02,,,0.03,,,0.02,,,,0.01,0.04,,,0.02,,,,,,,,,,,,,,,,0.02,,,,,0.05,,,0.04,,,0.04,,,,,0.04,,0.22,0.12,0.36,0.17,0.1,1.77,0.15,4.57,,0.07,0.93,0.13,0.65,1.92,0.58,1.12,0.59,3.11,0.29,5.4,0.51,0.26,0.34,0.09,0.25,0.1,0.16,,0.08,,,0.19,,68.19,58.84,30.81,36.25,0.12,,,0.36,0.01,0.02,0.06,,,0.09,0.02,0.01,,0.02,0.02,,,,
Shizuishanshi_640200,,,,,,,,,0.1,,,,,,0.08,0.04,,,0.06,,,0.03,0.05,0.03,0.05,0.15,6.16,,,1.72,,1.29,0.05,,0.02,5.16,,,,,,,,,,,,,,,,,,,0.02,,,,,,,,,,,,,,,,,,,,,,,,,,,,,,,,,,,,,,,,,,,,,,,,,,,,,,,,,,,,,,,,,,,,,,,,,,,,,,,,,,,,,,,,,,,,,,,,,,,,,,,,,,,,,,,,,,,,,,,,,,,,,,,,,,,,,,,,,,,,,,,,,,,,,,,,,,,,,,,,,,,,,,,,,,,,,,,,,,,,,,,,,,,,,,,,,,,,,,,,,,,,,,,,,,,,,,,,,,,,,,,,,,,,,,,,,,,,,,,,,,,,,,,,,,,,,,,,,0.18,,0.38,,,0.08,,,0.2,0.09,0.1,0.13,0.22,0.1,0.26,,,0.03,,0.02,0.03,0.02,,0.06,,,0.04,20.9,,2.7,2.64,2.41,,,,0.14,,,,,,,,0.01,,,0.03,,,,
Wuzhongshi_640300,,,,,,,,,0.04,,,,,,,,,,,,,,,0.08,0.02,0.03,0.62,,,1.02,,0.34,0.02,,0.03,1.82,,,,,0.01,,,,,,,,,,,,,,,,,,,,,,,0.03,,,,,,,,,,,,,,,,,,,,,,,,,,,,,,,,,,,,,,,,,,,,,,,,,,,,,,,,,,,,,,,,,,,,,,,,,,,,,,,,,,,,,,,,,,,0.04,,,,,,,,,,,,,,,,,,,,,,,,,,,,,,,,,,,,,,,,,,,,,,,,,,,,,,,,0.03,,,,,,,,,,,,,,,,,,,,,,,,,,,,,,,,,,,,,,,,,,,,,,,,,,,,,,,,,,,,,,,,,,,0.03,,,,,,,,,,,,,,,,,,,,,,,,,,,,0.26,0.05,0.02,0.07,0.03,0.03,0.4,,2.75,,,0.31,0.08,0.11,0.98,0.2,0.27,0.55,0.62,0.27,6.85,0.12,0.07,0.15,0.05,0.06,0.06,,0.02,0.13,,,0.26,29.48,4.15,,8.38,19.49,,0.01,0.04,0.12,0.01,,0.05,,,,,0.02,,0.02,0.02,0.02,,,
Guyuanshi_640400,,,,,,,,,,,,,,,,,,,,,,,,,,,0.38,,,0.18,,0.18,0.02,,,0.26,,,,,,,,,,,,,,,,,,,,,,,,,,,,,,,,,,,,,,,,,,,,,,,,,,,,,,,,,,,,,,,,,,,,,,,,,,,,,,,,,,,,,,,,,,,,,,,,,,,,,,,,,,,,,,,,,,,,,,,,,,,,,0.13,,,,,,,,,,,,,,,,,,,,,,,,,,,,,,,,,,,,,,,,,,,,,,,,,,,,,,,,,,,,,,,,,,,,,,,,,,,,,,,,,,,,,,,,,,,,,,,,,,,,,,,,,,,,,,,,,,,,,,,,,,,,,,,,,,,,,,,,,,,,,,,,,,0.13,0.05,0.23,0.09,0.04,0.03,,0.11,,,0.17,,0.05,1.21,0.61,0.11,0.19,11.63,0.04,4.53,0.16,0.09,0.17,0.05,0.04,0.01,,,,,,0.18,10.63,4.68,6.96,,17.13,0.02,,,0.14,0.02,,,,,,0.02,,,0.15,0.01,0.02,,,
Zhongweishi_640500,,,,,,,,,,,,,,,,0.05,,,0.03,0.03,,,0.05,0.08,0.03,0.07,0.71,,,0.24,,0.38,0.04,,,8.96,,,,,,,,,,,,,,,,,,,,,,,,,,,,0.03,,,,,,,,,,,,,,,,,,,,,,,,,,,,,,,,,,,,,,,,,,,,,,,,,,,,,,,,,,,,,,,,,,,,,,,,,,,,,,,,,,,,,,,,,,,,,,,,,,,,,,,,,,,,,,,,,,,0.06,,,,,,,,,,,,,,,,,,,,,,,,,,,,,,,,,,,,,,,,,,,,,,,,,,,,,,,,,,,,,,,,,,,,,,,,,,,,,,,,,,,,,,,,,,,,,,,,,,,,,,,,,,,,,,,,,,,,,,,,,,,,,,,,0.11,0.13,0.3,0.13,0.06,0.14,0.09,0.58,0.07,0.04,0.6,0.11,0.73,5.85,0.26,1.25,0.72,1.15,0.44,0.65,0.21,0.05,0.14,0.14,0.11,0.12,0.09,0.02,0.06,,,0.65,16.69,4.42,14.44,24.55,,,0.03,0.12,0.14,,0.02,,,,,,0.03,0.01,,,,,0.01,
Wulumuqishi_650100,,,,,,,,,,,0.07,,,,0.03,,,,0.02,0.02,,,,0.03,,0.04,,0.05,,,0.06,0.03,0.01,,0.04,0.14,,,,,,,,,,,,,,,0.02,0.02,,,,,,,,,,0.07,,,,,,,,,,,,,,,,,,,,,,,,,,,,,,,,,,,,,,,,,,,,,,,,,,,,,,0.05,,,,,,,,,,,,,,,,,,,,,,,,,,,,,,,0.06,,,0.04,,0.07,,,,0.06,,,0.09,0.07,0.05,0.14,0.09,,0.1,0.12,,,0.05,,,,,,0.09,,,,,,,0.02,0.08,,,,,,0.04,,0.12,,,,,0.05,,,,,,,,,,,,,,,,,,,,,,,,,,,,,,,,,,,,,,0.03,0.08,,0.02,,0.1,0.08,,0.03,,,0.09,,,0.03,,,,,0.15,0.05,0.01,0.04,0.02,0.06,0.06,0.18,0.08,0.04,0.05,0.06,0.02,0.02,0.05,0.04,0.04,,0.01,,0.01,0.05,,,,,,,,,,,,,,,,0.03,,,,,,,0.08,0.02,,0.04,,,,0.02,0.04,1.32,0.07,0.02,0.14,0.05,0.07,,0.15,,0.12,,0.21,0.18,0.15,0.16,0.72,1.35,1.05,0.26,0.92,0.12,0.8,1.37,0.1,0.04,0.08,0.02,0.11,0.02,,0.08,,0.1,0.08,0.02,0.05,0.16,0.09,,19.19,65.86,25.49,60.8,18.81,23.4,16.88,4.89,15.02,14.82,20.84,15.77,26.61,14.78,2.33,5.54,54.56,1.88
Kelamayishi_650200,,,,,,,,,,,,,,,,,,,,,,,,,,,,,,,,,,,,,,,,,,,,,,,,,,,,,,,,0.02,,,,,,,,,,,,,,,,,,,,,,,,,,,,,,,,,,,,,,,,,,,,,,,,,,,,,,,,,,,,,,,,,,,,,,,,,,,,,,,,,,,,,,,,,,,,,,,,,,,,,,,,,,,,,,,,,,,,,,,,,,,,,,,,,,,,,,,,,,,,,,,,,,,,,,,,,,,,,,,,,,,,,,,,,,,,,,,,,,,,,,,,,,,,,,,,,,,,,,,,,,,,,,,,,,,,,,,,,,,,,,,,,,,,,,,,,,,,,,,,,,,,,,,,,,,,,,,,,,,,,,0.01,,,,0.09,,,,,0.03,0.06,,,,,,,,,,,,,,,,2.26,,0.56,0.48,1.8,1.38,0.53,0.35,0.15,0.13,0.19,12.62,16.39,3.28,3.1,0.05,0.11,0.55,
Tulufanshi_650400,,,,,,,,,,,,,,,,,,,,,,,,,,,,,,,,,,,,0.07,,,,,,,,,,,,,,,,,,,,,,,,,,,,,,,,,,,,,,,,,,,,,,,,,,,,,,,,,,,,,,,,,,,,,,,,,,,,,,,,,,,,,,,,,,,,,,,,,,,,,,,,,,,,,,,,,,,,,,,,,,,,,,,,,,,,,,,,,,,,,,,,,0.07,,,,,,,,,,,,,,,,,,,,,,,,,,,,,,,,,,,,,,,,,,,,,,,,,,,,,,,,,,,,,,,,,,,,,,,,,,,,,,,,,,,,,,,,,,,,,,,,,,,,,,,,,,,,,,,0.03,,,,,,,,,,,,,,,,,,,,,,,,,,,0.09,,,0.08,0.19,,1.05,,,0.05,,,,,,,,,,,,,,,0.04,7.49,0.74,,10.28,2.61,0.37,7.11,1.9,0.07,0.59,0.57,0.72,0.57,0.35,0.85,0.17,0.11,0.91,0.22
Hamishi_650500,,,,,,,,,,,,,,,,,,,,,,,,,,,,,,,,,,,,1.14,,,,,,,,,,,,,,,,,,,,,,,,,,,,,,,0.02,,,,,,,,,,,,,,,,,,,,,,,,,,,,,,,,,,,,,,,,,,,,,,,,,,,,,,,,,,,,,,,,,,,,,,,,,,,,,,,,,,,,,,,,,,,,,,0.07,,,,,,,,,,,,,,,0.05,,,,,,,,,,,,,,,,,,,,,,,,,,,,,,,,,,,,,,,,,,,,,,,,,,,,,,,,,,,,,,,,,,,,,,,,,,,,,,,,,,,0.05,0.04,,,,,,,,,0.03,,0.02,,,,,,,,,,,,,,,,,,,,,,,,,,,,,,,,,0.02,,,,,0.04,,,,,,,,0.06,0.53,0.21,0.09,0.08,0.76,1.24,0.07,4.9,,0.11,0.11,0.06,,0.03,0.01,0.06,,,,,0.14,,0.01,0.02,,0.06,2.68,0.5,8.83,,3.09,0.57,4.45,1.02,0.05,0.45,0.24,0.67,0.47,0.41,0.58,0.08,0.23,0.63,0.07
Changjihuizuzizhizhou_652300,,,,,,,,,,,,,,,,,,,0.04,,,,,0.05,,,,,,,,,,,,0.06,,,,,,,,,0.02,,,,,0.04,,,,,,,,,,,,,,,,,,,,,,,,,,,,,,,,,,,,,,,,,,,,,,,,,,,,,,,,,,,,,,,,,,,,,,,,,,,,,,,,,,,,,,,,,,,,,,,,,,,,,,,,,,,,,,,0.12,,,,,,,,,,,,,,,,,,,,,,,,,,,,,,,,,,,,,,,,,,,,,,,,,,,,,,,,,,,,,,,,,,,,,,,,,,,,,,,,,,,,,,,,,,,,,,0.01,,,0.01,,0.06,,,,,,,,,,,,,,,,,,,,,,,,,,,,,,,,,,,,,,,0.02,,,,,,,,,,,,,,,,,,,0.04,0.15,0.04,0.06,0.36,0.36,0.13,0.38,,0.1,0.26,,0.02,0.02,0.01,0.04,,0.01,,,0.07,,,,,0.02,39.36,6.41,7.54,10.01,,2.85,2.51,1.5,0.25,1.16,1.56,3.51,8.43,8.72,23.51,0.14,0.65,36.43,0.22
Boertalamengguzizhizhou_652700,,,,,,,,,,,,,,,,,,,,,,,,,,,,,,,,,,,,,,,,,,,,,,,,,,,,,,,,,,,,,,,,,,,,,,,,,,,,,,,,,,,,,,,,,,,,,,,,,,,,,,,,,,,,,,,,,,,,,,,,,,,,,,,,,,,,,,,,,,,,,,,,,,,,,,,,,,,,,,,,,,,,,,,,,,,,,,,,,,,,,,,,,,,,,,,,,,,,,,,,,,,,,,,,,,,,,,,,,,,,,,,,,,,,,,,,,,,,,,,,,,,,,,,,,,,,,,,,,,,,,,,,,,,,,,,,,,,,,,,,,,,,,,,,,,,,,,,,,,,,,,,,,,,,,,,,,,,,,,,,,,,,,,,,0.05,,,,,,,,,,,,,,,0.02,2.1,1.66,0.24,0.31,0.89,,0.3,0.18,,0.11,,6.06,2.22,0.35,0.9,0.02,,0.39,
Bayinguolengmengguzizhizhou_652800,,,,,,,,,,,,,,,,,,,,,,,,,,,,,,,,,,,,,,,,,,,,,,,,,,,,,,,,,0.02,,,,,,,,,,,,,,,,,,,,,,,,,,,,,,,,,,,,,,,,,,,,,,,,,,,,,,,,,,,,,,,,,,,,,,,,,,,,,,,,,,,,,,,,,,,,,,,,,,,,,,,,,,,,,,,,,,,,,,,,,,,,,,,,,,,,,,,,,,,,,,,,,,,,,,,,,,,,,,,,,,,,,,,,,,,,,,,,,,,,,,,,,,,,,,,,,,,,,,,,,,,,0.02,0.01,,0.04,0.01,,,,,,,,,,,,,,,,,,,,,,,,,,,,,,,,,,,,,,,,0.04,,,,,,,,0.06,,,,0.03,0.11,,0.03,0.04,0.28,0.49,0.04,0.28,,0.08,0.09,0.02,0.01,,,0.04,,,,,2.34,,,,,0.02,4.9,0.87,6.91,6.43,1.14,0.33,,26.23,0.81,3.63,11.48,3.69,0.81,0.3,0.65,1.92,1.19,0.41,94.64
Akesudiqu_652900,,,,,,,,,,,,,,,,,,,,,,,,,,,,,,,,0.03,,,,0.05,,,,,,,,,,,0.07,,,,,,,,,,,,,,,,,0.03,,,,,,,,,,,,,,,,,,,,,,,,,,,,,,,,,,,,,,,,,,,,,,,,,,,,,,,,,,,,,,,,,,,,,,,,,,,,,,,,,,,,,,,,,,,,,,,,,,,,,,,,,,,,,,,,,,,,,,,,,,,,,,,,,,,,,,,,,,,,,,,,,,,,,,,,,,,,,,,,,,,,,,,,,,,,,,,,,,,,,,,,,,,,,,,,,,0.02,,0.04,,,,,,,,,,,,,,,,,,,,,,,,,,,,,,,,,,,,,,,,,,,,,,0.52,,,,,,,0.09,,,,,0.02,,0.02,,0.3,0.18,0.02,0.08,,0.08,0.08,0.03,0.01,,,0.04,,,,,0.04,,,,,,2.04,0.33,1.39,0.82,0.45,0.31,21.77,,9.59,16.9,10.44,0.81,0.24,0.13,0.22,87.91,16.2,0.25,1.05
Kezileisukeerkezizizhizhou_653000,,,,,,,,,,,,,,,,,,,,,,,,,,,,,,,,,,,,,,,,,,,,,,,,,,,,,,,,,,,,,,,,,,,,,,,,,,,,,,,,,,,,,,,,,,,,,,,,,,,,,,,,,,,,,,,,,,,,,,,,,,,,,,,,,,,,,,,,,,,,,,,,,,,,,,,,,,,,,,,,,,,,,,,,,,,,,,,,,,,,,,,,,,,,,,,,,,,,,,,,,,,,,,,,,,,,,,,,,,,,,,,,,,,,,,,,,,,,,,,,,,,,,,,,,,,,,,,,,,,,,,,,,,,,,,,,,,,,,,,,,,,,,,,,,,,,,,,,,,,,,,,,,,,,,,,,,,,,,,,0.01,,,,,,,,,,,,,,,,,,,,,,,,,0.2,0.03,,0.04,0.01,0.06,0.2,2.38,,32.55,0.49,0.03,0.01,,,0.14,0.41,,
Kashidiqu_653100,,,,,,,,,,,,,,,,,,,,,,,,,,,,,0.03,,,,,,,,,,,,,0.03,,,,,,,,,,,,,,0.02,,,,,,,,,,,,,,,,,,,,,,,,,,,,,,,,,,,,,,,,,,,,,,,,,,,,,,,,,,,,,,,,,,,,,,,,,,,,,,,,,,0.02,,,,,,,,,,,,,,,,,,,,,,,,,,,,,,,,,,,,,,,,,,,,,,,,,,,,,,,,,,,,,,,,,,,,,,,,,,,,,,,,,,,,,,,,,,,,,,,,,,,,,,,,,,,,,,,,0.03,,,,,,,,,,,,,0.02,,0.01,,,,0.02,,,,,,,,,,,,,,,,,,,,,,,,,,,,,,,,,,,,,5.55,,,,,,,,,,,,0.02,,0.02,,0.25,0.19,,0.08,0.04,,,0.03,,,,,,,,,,,,,,,1.47,0.18,0.39,0.45,0.24,0.22,3.3,10.16,81.44,,21.56,0.32,0.08,0.19,0.21,1.81,69.42,0.25,0.15
Hetiandiqu_653200,,,,,,,,,,,,,,,,,,,,,,,,,,,,,,,,0.03,,,,,,,,,,,,,,,,,,,,,,,,,,,,,,,,,,,,,,,,,,,,,,,,,,,,,,,,,,,,,,,,,,,,,,,,,,,,,,,,,,,,,,,,,,,,,,,,,,,,,,,,,,,,,,,,,,,,,,,,,,,,,,,,,,,,,,,,,,,,,,,,,,,,,,,,,,,,,,,,,,,,,,,,,,,,,,,,,,,,,,,,,,,,,,,,,,,,,,,,,,,,,,,,,,,,,,,,,,,,,,,,,,,,,,,,,0.01,,,,,,,,,0.02,,,,,,,,,,,,,,,,,,,,,,,,,,,,,,,,1.05,,,,,,,,,,,,,0.01,,,0.05,0.06,,,,,,,,,,,,,,,0.04,,,,,,0.65,0.03,0.22,0.09,0.13,0.04,3.37,2.7,0.65,8.04,,0.15,0.09,0.04,0.09,1.81,0.59,0.09,
Yilihasakezizhizhou_654000,,,,,,,,,,,,,,,,,,,,,,,,,,,,,,,,,,,,0.03,,,,,,,,,,,,,,,,,,,,,,,,,,,,,,,,,,0.04,,,,,,,,,,,,,,,,,,,,,,,,,,,,,,,,,,,,,,,,,,,,,,,,,,,,,,,,,,,,,,,,,,,,,,,,0.04,,,,,,,,,,,,,,,,,,,,,,,,,,,,,,,,,,,,,,,,,,,,,,,,,,,,,,,,,,,,,,,,,,,,,,,,,,,,,,,,,,,,,,,,,,,,,,,,,,,,,,,0.02,,,,,,,,,,,,,,,,,,,,,,,,,,,,,,,,,,,,,,,,,,,,,,,,,,,,,,,,,,,,,,,,,,,,,,,,,,0.05,,0.04,0.09,,,0.18,,0.07,0.13,,,,,,,,,,,,,,0.01,,5.94,23.37,0.99,0.84,2.08,12.68,4.24,0.76,0.22,0.6,0.6,,17.04,2.14,3.22,0.31,0.11,0.57,0.22
Tachengdiqu_654200,,,,,,,,,,,,,,,,,,,,,,,,,,,,,,,,,,,,,,,,0.02,,,,,,,,,,,,,,,,,,,,,,,,,,,,,,,,,,,,,,,,,,,,,,,,,,,,,,,,,,,,,,,,,,,,,,,,,,,,,,,,,,,,,,,,,,,,,,,,,,,,,,0.03,,,,,,,,,,,,,,,,,,,,,,,,,,,,,,,,,,,,,,,,,,,,,,,,,,,,,,,,,,,,,,,,,,,,,,,,,,,,,,,,,,,,,,,,,,,,,,,,,,,,,,,,,,,,,,,,,,,,,,,,,,,,,,,,,,,,,,,,,,,,,,,,,,,,,,,,,,,,,,,0.03,,,,,,,,,,,,,,,,,,0.01,,,0.05,0.04,,0.03,,0.03,,,,,,,,,,,0.04,,,,,,6.33,33.03,0.83,0.89,4.62,5.12,0.75,0.27,0.05,0.21,0.43,17.76,,4.38,47.81,0.08,0.11,0.85,0.22
Aleitaidiqu_654300,,,,,,,,,,,,,,,,,,,,,,,,,,,,,,,,,,,,,,,,,0.01,,,,,,,,,,,,,,,,,,,,,,,,,,,,,,,,,,,,,,,,,,,,,,,,,,,,,,,,,,,,,,,,,,,,,,,,,,,,,,,,,,,,,,,,,,,,,,,,,,,,,,,,,,,,,,,,,,,,,,,,,,,,,,,,,,,,,,,,,,,,,,,,,,,,,,,,,,,,,,,,,,,,,,,,,,,,,,,,,,,,,,,,,,,,,,,,,,,,,,,,,,,,,,,,,,,,,,,,,,,,,,,,,,,,,,,,,,,,,,,,,,,,,,,,,,,,,,,,,,,,,,,,,,,,,,,,,,,,,0.02,,,,0.03,0.04,,,,,0.12,,0.02,,0.01,,,,,,,,,,,,2.88,3.12,0.39,0.31,1.82,0.24,0.21,0.1,,0.08,0.19,1.12,1.99,,0.84,0.02,0.23,0.33,
Shihezishi_659001,,,,,,,,,,,,,,,,,,,,,,,,,,,,,,,,,,,,,,,,,,,,,,,,,,,,,,,,,,,,,,,,,,,,,,,,,,,,,,,,,,,,,,,,,,,,,,,,,,,,,,,,,,,,,,,,,,,,,,,,,,,,,,,,,,,,,,,,,,0.02,,,,,,,,,,,,,,,,,,,,,,,,,,,,,,,,,,,,,,,,,,,,,,,,,,,,,,,,,,,,,,,,,,,,,,,,,,,,,,,,,,,,,,,,,,,,,,,,,,,,,,,,,0.02,,,,,,,,,,,,,,,,,,,,,,,,,,,,,,,,,,,,,,,,,,,,,,,,,,,,,,,,,,,,,,,,,,,,,,,,,,,,,,,0.1,0.15,,0.07,,0.05,0.08,0.02,,,,,,,,,,,,,,,4.99,5.26,1.1,1.3,10.32,2.09,0.97,0.93,0.1,0.42,0.41,2.78,33.03,1.03,,0.69,1.07,1.42,0.15
Alaershi_659002,,,,,,,,,,,,,,,,,,,,,,,,,,,,,,,,,,,,,,,,,,,,,,,,,,,,,,,,,,,,,,,,,,,,,,,,,,,,,,,,,,,,,,,,,,,,,,,,,,,,,,,,,,,,,,,,,,,,,,,,,,,,,,,,,,,,,,,,,,,,,,,,,,,,,,,,,,,,,,,,,,,,,,,,,,,,,,,,,,,,,,,,,,,,,,,,,,,,,,,,,,,,,,,,,,,,,,,,,,,,,,,,,,,,,,,,,,,,,,,,,,,,,,,,,,,,,,,,,,,,,,,,,,,,,,,,,,,,,,,,,,,,,,,,,,,,,,,,,,,,,,,,,,,,,,,,,,,,,,,,,,0.07,0.04,,0.02,,,,,,,,,,,,,,,,,,,0.08,0.09,,0.07,0.03,,0.42,25.04,0.1,0.51,2.32,0.03,0.04,0.02,0.09,,1.01,,0.15
Tumushukeshi_659003,,,,,,,,,,,,,,,,,,,,,,,,,,,,,,,,,,,,,,,,,,,,,,,,,,,,,,,,,,,,,,,,,,,,,,,,,,,,,,,,,,,,,,,,,,,,,,,,,,,,,,,,,,,,,,,,,,,,,,,,,,,,,,,,,,,,,,,,,,,,,,,,,,,,,,,,,,,,,,,,,,,,,,,,,,,,,,,,,,,,,,,,0.13,,,,,,,,,,,,,,,,,,,,,,,,,,,,,,,,,,,,,,,,,,,,,,,,,,,,,,,,,,,,,,,,,,,,,,,,,,,,,,,,,,,,,,,,,,,,,,,,,,,,,,,,,,,,,,,,,,,,,,,,,,,,,,,,,,,,,,,,,,,,,,,,,,,,,,,,,,,,,,,,0.12,,0.12,,0.01,,0.12,1.33,0.3,11.91,0.35,0.01,0.0,0.02,0.04,0.63,,0.11,
Wujiaqushi_659004,,,,,,,,,,,,,,,,,,,,,,,,,,,,,,,,,,,,,,,,,,,,,,,,,,,,,,,,,,0.01,,,,,,,,,,,,,,,,,,,,,,,,,,,,,,,,,,,,,,,,,,,,,,,,,,,,,,,,,,,,,,,,,,,,,,,,,,,,,,,,,,,,,,,,,,,,,,,,,,,,,,,,,,,,,,,,,,,,,,,,,,,,,,,,,,,,,,,,,,,,,,,,,,,,,,,,,,,,,,,,,,,,,,,,,,,,,,,,,,,,,,,,,,,,,,,,,0.03,,,,,,,,,,,,,,,,,,,,,,,,,,,,,,,,,,,,,,,,,,,,,,,,,,,,,,,,,,,,,,,,,,,,,,,0.03,0.04,,,,,,,,,,,,,,,,,,,,,7.33,0.43,0.56,0.33,6.13,0.35,0.25,0.17,0.1,0.13,0.16,0.24,0.47,0.5,0.42,0.02,0.29,,0.07
Tiemenguanshi_659006,,,,,,,,,,,,,,,,,,,,,,,,,,,,,,,,,,,,,,,,,,,,,,,,,,,,,,,,,,,,,,,,,,,,,,,,,,,,,,,,,,,,,,,,,,,,,,,,,,,,,,,,,,,,,,,,,,,,,,,,,,,,,,,,,,,,,,,,,,,,,,,,,,,,,,,,,,,,,,,,,,,,,,,,,,,,,,,,,,,,,,,,,,,,,,,,,,,,,,,,,,,,,,,,,,,,,,,,,,,,,,,,,,,,,,,,,,,,,,,,,,,,,,,,,,,,,,,,,,,,,,,,,,,,,,,,,,,,,,,,,,,,,,,,,,,,,,,,,,,,,,,,,,,,,,,,,,,,,,,,,,,,,,,,,,,,,,,,,,,,,,,,0.03,0.01,,,0.01,,13.59,0.23,,0.04,0.21,0.01,,,0.02,0.02,,,
